-0.2253904825709741
-0.22522933068110235
-0.22748419336228384
-0.22863488516106098
-0.2236242767417341
-0.22548937694072957
-0.22319350250040504
-0.22057364654382416
-0.22786697694264962
-0.22910057908910683
-0.2284905323692706
-0.22271795541708078
-0.22792849702182097
-0.22047783106793745
-0.22877815108213673
-0.22108267878069449
-0.22771830838715312
-0.2216418275088938
-0.2288584895389775
-0.22456512258642286
-0.2268514127863258
-0.22026196291619488
-0.22038714503877974
-0.22852438920802268
-0.22275807475049916
-0.22021799262648523
-0.22181951858203947
-0.22989301088685857
-0.22631458644107597
-0.22571285777553135
-0.22222104830386824
-0.22957495279967574
-0.22564319645897668
-0.22620932749381137
-0.22053771471970687
-0.2264680549882613
-0.22904769569219863
-0.17663592658691876
-0.07120785134496818
-0.21459302433996183
-0.28427269720792164
-0.24113855045191418
-0.18589001980210132
-0.24965241793482662
-0.30332094648888075
-0.2599667025163743
-0.22860411317299864
-0.22701896118972412
-0.22385562666399536
-0.22081861860699528
-0.22538098884849833
-0.22378063990996627
-0.22740062471269185
-0.22106885366452556
-0.224883926077476
-0.22775620303475003
-0.2270134699025663
-0.22200046552307584
-0.22916775344955384
-0.22112329839440323
-0.22496077979087567
-0.2251284361725348
-0.18836683131275825
-0.16429599058763752
-0.16405690447596083
0.05014703532069237
0.11603505046467454
-0.07106651267761302
6.002733481822418E-4
-0.0071776321046453165
-0.009653471859776561
0.15038868879162626
0.23951147066412548
0.23122595581281435
0.10588102397286325
-0.004459646116577032
0.026666426231217052
-0.08611454367421693
-0.1399083467510216
-0.16769890159117878
-0.2166753454666338
-0.22166913893906678
-0.22283702839138297
-0.2282894539214344
-0.22809781687482342
-0.2256248363935611
-0.22135256782460863
-0.22595205860049594
-0.21931123953105006
-0.13198021754608755
-0.05535047915399902
-0.0229859700698965
0.004568831705125575
0.31362819363477396
0.4632293069226651
0.2692863235845414
0.43511223839491153
0.18939842953959302
0.39706077778651033
0.35242279407397836
0.4822783224159879
0.3560118910575594
0.4664878194074291
0.3915136219577764
0.41804969051642954
0.3538971470425638
0.1939132545611173
-0.06352736376924077
-0.1304991226293648
-0.14749063286619277
-0.21386997208722097
-0.2222668072318832
-0.22214232592324112
-0.22637595862411372
-0.22433961578222353
-0.2207305410366382
-0.20835764318337516
-0.029181164475513548
0.09842835029530865
0.17124454185426927
0.1216363603533296
0.30056005472419367
0.3793490641487253
0.2628583115745322
0.45049759659075694
0.03218881063491906
0.4041068733999486
-0.2036542082604217
0.5736211080326798
0.2276754903030446
0.11121853824000896
0.2406204592547006
0.3047388840093382
0.28990691376046845
0.09359517398516823
0.037020600313685564
0.14315076496803478
-0.026295644818238165
-0.15704774564555243
-0.2282342639844559
-0.2236169607513597
-0.22596350722116956
-0.22835050330540652
-0.22028891061498118
-0.18629971599175635
0.08969524092945624
0.1307541093185345
0.19160506820239193
0.0926805821223922
0.11729918705945248
-0.04651180503798765
0.06732736729172387
0.2902201505687933
-0.29019940274802436
-0.4265304815557721
-0.40736878929892173
-0.1678060156266913
-0.232812154702204
-0.4808724424966574
-0.03714988934128563
-2.1998449605308001E-4
0.09244272739316184
0.06925605650511774
0.23048474031473304
0.49860652444050413
0.041305964105898395
-0.17528801839571725
-0.21014674312707843
-0.2222801854061722
-0.22785811034367545
-0.22228961717471965
-0.22399018240133292
-0.09455949174090392
0.10754746631011342
0.26691677502963795
0.1174601332469035
0.09397243286063159
0.5956154218312235
0.09285815527892338
0.02851597873083253
0.3106185313321982
-0.3914360309576896
-0.34429225429585464
-0.009312469733869132
-0.36657213793310345
-0.4859784904078847
-0.10838046977627797
-0.20778482757235023
0.0012426259256396888
-0.5274156608950782
-0.4129935565108903
0.1993577089490811
0.739963696978524
0.2209761210366055
-0.0013332423909714168
-0.15299087038028264
-0.2233181733232048
-0.22516239087268083
-0.22606262404662067
-0.2096044061550396
0.008894267439751304
-0.009253857643804379
0.21077666324274325
0.27287078868960357
0.5162449643931362
0.16025189460975045
-0.23589197906237022
0.01129898625098002
0.1319534508270272
-0.26977237096022577
0.06322197776784841
-0.18235807592372094
-0.04798058549543652
-0.44359412614533095
-0.29246086847566866
-0.5201068335514119
0.04115169640351514
-0.07651524703033799
-0.2614996161186437
0.09637305316999906
0.8844663337216726
0.4903662573561274
0.08346086872579568
-0.22174424042415267
-0.25055416571373573
-0.2202279089614685
-0.2266233845396925
-0.17642321071740563
0.11047076401082087
0.2853878075293643
0.36825891738915906
0.10578597702165327
0.16638573286536204
0.18587465567462394
-0.11783607284083678
0.14963836245230405
-0.039327573287106544
-0.22330242883288184
-0.29186093573391536
-0.218754712515565
-0.8884020568912213
-0.6381352182219355
-0.3781522779706664
-0.12608866101433486
-0.30071460993830895
-0.19207187882864457
-0.01946050501110365
-0.15590343378744773
1.0662115710314213
0.7288553739338713
0.07150706696841734
-0.2015322479357276
-0.22784599494188248
-0.22463735619032968
-0.20584659904007213
-0.15646259069003757
0.14165514488358696
0.3144172504165116
0.19346041333401587
-0.12424383719867503
0.3750179953366344
0.14981157410391063
-0.2321147252100775
0.271927207589242
0.15053756199617355
-0.14299520365832366
0.08390497600846046
0.0970192176875235
-0.53942276534931
-0.19230462200368192
-0.45431808549600494
-0.47552574647382917
-0.308075767828705
-0.06856978678665715
0.43975060021379814
-0.4420012648830606
0.5787408622449235
0.4587414174812897
-0.02061495506468368
-0.22354889146102475
-0.2236314380992778
-0.2201125650250046
-0.23660203840535926
-0.1254358056751444
0.042984603297795555
0.08945773688895568
-0.04025734362796771
-0.15111707066523727
0.4329902938965929
-0.26600262583806455
0.15708349518620587
-0.28267792456018354
-0.03630885988976564
0.21357601747749985
-0.1583720724987854
-0.03941517102628292
-0.05037249523764506
-0.7070950188541715
-0.6372434123328008
-0.23802082104169334
-0.42748495119569213
-0.5560597375540396
-0.523044224841582
-0.859075659708358
0.10151064198225294
0.4762919322372345
-0.013221905786965584
-0.2280904725496572
-0.22035285331391471
-0.2369469280875573
-0.2018893962655206
-0.13295219645302336
0.22032854172788394
0.12496288471559437
-0.25818252236070016
-0.1727529984899683
-0.05513709659095279
0.1806188115657223
0.11010078746581041
-0.11081795868266696
0.22162500287590695
-0.049836768471170904
0.8776101824802292
1.0043454646302852
0.6511905444374478
-0.2964495634294835
-0.04294262272835495
-0.29713221259034267
-0.2594276713469378
-0.31326272878151445
-0.47236118417058276
-0.6569930355139156
-0.28774002998733045
0.27326947356752246
-0.07339370504745674
-0.22632258826156443
-0.22890037234049673
-0.22712703524246297
-0.21312966708298828
-0.10544494184348997
0.14595243356103205
0.061118858384072446
-0.4814253589391207
0.058665561594989056
-0.2840679076352042
0.15418925271161557
-0.22385778399265024
-0.02527752519465476
-0.4192741730302088
-0.00839950872731569
1.0398152817398232
1.343536637164086
0.8944602175612764
-0.22298985749099087
-0.12502310098115166
-0.5003345397751937
-0.27682330678516304
9.434765132076718E-4
-0.4732327969348048
-0.5973791428967937
-0.44265187681351104
0.05134624488895509
-0.10254335689505188
-0.2208671627630987
-0.2206097155704618
-0.23059881453759917
-0.19585635740953747
-0.10518069744566766
-0.019886332224052075
-0.22343477392182626
-0.7270422732060273
-0.32746649878439577
-0.4035758989606132
-0.10256983002325767
-0.6092031413431314
0.10164891116439263
0.3267267701462705
0.7922522462515222
1.0960820331385657
1.390106854344122
0.9820644618442331
0.11781572681809259
0.12289664453755138
0.10068506669603743
0.08328215788740781
-0.032895405341855005
-0.30710137383334624
-0.47088363042388665
-0.23560237679809662
-0.11471069743233099
-0.20497953144605266
-0.22372215070098364
-0.2204423352691937
-0.2200893868585991
-0.17865679706851062
-0.028278235045249775
0.14594283846973333
-0.6083562864790931
-0.41911941918592005
-0.8564349136822159
-0.4992700188748578
-0.34969974617370253
-0.5200335568881248
-0.3361970751694559
-0.20891504727563984
0.42438156668855576
1.264619303800856
0.9950504245999126
1.1342158429060996
-0.08450616335631723
0.08717326226766521
0.15164594917707436
-0.3012892102837397
-0.21703832255264716
-0.24295509498303142
-0.5824853402387199
-0.42038355369061153
-0.00889110171932264
-0.1861305212629499
-0.22154926159518912
-0.22064444833218191
-0.22628191054830707
-0.19710386960690182
0.05094031113337981
0.08690954383308432
-0.6480816354790888
-0.04181268594273735
-0.7660961651638957
-0.24168749129748712
-0.4420325276307525
-0.75435494925174
-0.14570389189642868
0.07496504744574135
1.146051314061752
1.7924023145067884
1.0412269030460621
0.8060710213730928
0.11985008778550879
0.18343611071076657
0.1896064760284896
-0.502804739165599
-0.30854886954922545
-0.1866790458195299
-0.3440946441873777
-0.31652264739845964
0.17279265016940068
-0.14715250574047
-0.21192574952899307
-0.22972168570130838
-0.22860396256758153
-0.19670927093429708
0.1024879044331411
0.13900291594604736
-0.723038195629512
0.011190347003913562
-0.37559279359295583
-0.7527046671557867
-0.5715345585743092
-0.510280159770487
-0.18318160537402137
0.47369088985268987
1.7080671317203675
1.2756986389342386
0.5459989785060418
0.33269049983810395
-0.13606645246647736
0.08255239330627447
0.19254169439344004
-0.2998341549694075
-0.1927254362579536
0.0912075549652177
-0.23521837308457066
-0.17586035197693572
0.28567955433795494
-0.1301196646671846
-0.2041079482725426
-0.2291344518112458
-0.2269599011621035
-0.16887581805825025
0.2499494446335579
-0.058851700033369495
-0.5838746938318206
-0.3135874408554457
-0.42006098044195583
-0.2451596255934223
-0.5520223636005732
-0.570692013994443
-0.005315012640044596
0.25909224407517617
1.308093629440573
1.2302569102811505
0.7219268210531535
0.36363243322335903
0.08249239881890784
0.23752759237665816
-0.02928562957092336
0.08626666606517062
0.40274529095385475
-0.14081349306694113
0.0486273451211878
-0.1362829046028918
0.12035257602278633
-0.1915945184459881
-0.2663144388755971
-0.22049994213964125
-0.22951219563389533
-0.18809507015793264
0.5572838278794494
0.279489611492753
-0.2663242415615695
-0.1439730832069347
-0.25646995531541406
-0.45215989860433137
-0.47159382062429583
-0.7155183069400789
-0.09295420110720205
0.4687304940379426
1.3112675043353885
0.9661835400216084
0.4262721756911004
0.34651480730044
0.1964225662919702
0.14094314123491591
0.46558999254594585
0.7945127409754865
0.10286703726066526
-0.060415185383687765
0.13444660097217126
0.22544081353772996
0.035872144450878655
-0.2001039329441274
-0.21623101503470238
-0.22928012814373774
-0.24639003527102016
-0.19310989582618449
0.4840194316304375
0.32567819979602103
-0.09327818506980808
-0.3553406103665286
-0.1805275493777458
-0.4764895999805721
-0.23118796255581897
-0.525046609803094
-0.4179088001533877
-0.49760215778024114
0.8555308110979047
0.4901341286991696
0.47830750364988606
0.383721241242987
0.3398740368127561
0.039898124233485086
0.3841596319763676
0.014917527094628343
-0.06328687720683347
-0.13817180790416783
0.25951831338904335
0.18056529360552315
0.03358827606898967
-0.17450735339936416
-0.22460325648954838
-0.2269408789807594
-0.27509327481614454
-0.21943966934801826
0.26551616470554223
0.32661568449721473
-0.05774534939622621
-0.1308700575879605
-0.017340538721980794
-0.4562640404837898
-0.23959833093964056
-0.5550539509291572
-0.9341088654485655
-0.33229356672624266
0.1805533880677936
0.6450390322446873
0.35139416491402486
0.65096392592424
0.12160849397455024
0.47944473164364004
0.3231589063904555
0.33462437522876654
0.03236674600188753
0.27152196118690225
0.3950367050923569
0.26698969751631313
-0.06091235462030672
-0.22285079832690205
-0.22749394984716498
-0.222385746641617
-0.2207580928308931
-0.2039014125729968
-0.006441517176058816
0.16127865051692514
0.0238468511762028
-0.058648123653785716
0.22002258502183608
0.24478751262518947
-0.34899895409393533
-0.5572939265614875
-0.5372202398431813
-0.3925715506874746
0.16585850920731493
0.2825393232088488
0.14056750767009243
-0.014131536643962883
0.69095551998577
0.385874498470137
0.46672823494995186
0.42586845806539975
0.24834717709785475
0.2467513390517967
0.3209129604052206
0.0046624679905263346
-0.18861297318863887
-0.2630529356036876
-0.22421830400102438
-0.22509880233181132
-0.22751450466707232
-0.21967108862745416
-0.09419707723591338
0.500915113497155
-0.17724732402572999
-0.30659643451609586
0.016461031024703095
-0.2510932304055514
-0.30248078223398545
-0.19189517396570566
-0.5201533904474284
-0.5075823904005978
-0.8421349476351843
-0.15135028457136296
-0.04570132727557926
0.12526646935894065
0.22619497568856925
0.47823775209818364
0.19058833891343593
0.3938509061051965
0.3531120661236077
0.12574276371896723
0.04794287580063132
-0.03625191955900077
-0.16088070162423032
-0.23307995980077392
-0.22324751066349166
-0.22687427055331327
-0.22424802153512913
-0.22003498250745024
-0.1997045390996219
0.23369338414165586
0.08084407555477642
-0.1571928772991647
0.046907265731348305
0.2583580907709647
-0.3607104267751195
-0.5014019479784151
-0.4452154083532147
-0.40197511255265317
-0.2347910469804903
-0.518013012185976
-0.12766979063723896
0.3612766807043076
0.1643021967235352
0.23608373363544932
0.6019231623939152
0.7897456367356884
0.3920887851090711
0.09908271358291833
-0.046347496015033955
-0.04103358852846141
-0.1683175759452941
-0.22748692134812132
-0.22772602725869906
-0.22626656680394794
-0.2236488552948072
-0.22675228848919077
-0.22938596615066442
-0.09631430583597134
-0.049608439508275065
-0.03490034224728027
0.2138546187100026
0.5855229257181934
0.3416622118109014
0.1965094083677446
0.4596631088901022
0.06283818518279337
0.18706328521773874
-0.03536261000078836
0.08894641141268869
0.4270729753294546
0.3675342746482341
0.4866916064988551
0.4558896720062658
0.323209139340385
0.12239478712195158
-0.07177310855195528
-0.17250288033555483
-0.19810095803492894
-0.2122370274944788
-0.22227580712758763
-0.22317016984443927
-0.22996270437134594
-0.22031569638312498
-0.22076899453872564
-0.2251534504015294
-0.20213789388112086
-0.04854857004512548
0.17566847334778043
0.3714344435867632
0.7146598888103276
0.9926288840723754
1.3355279924282661
1.1930628001527315
1.3395036765786228
1.411573336889693
1.2128550401550666
1.193602357863516
0.8536742594023955
0.7043491329274887
0.4446896731809359
0.15673585328399664
0.14082624447531064
0.05311526237534835
-0.12445911963532354
-0.22127212000215266
-0.21882281515544386
-0.22675505081431488
-0.22969013395595209
-0.22271895820499898
-0.2281598955058636
-0.2289360209506394
-0.2237918780299868
-0.22347417326895033
-0.22401381148910807
-0.09339019661814411
-0.011791547417889623
0.07657944839575477
0.15261904184885933
0.34782810664055697
0.33079348001636966
0.4566033501743556
0.46789414744812324
0.5094310941896824
0.46114817616898296
0.46806660248864856
0.2610681576907711
0.048889264970927146
-0.021578221177192526
-0.1278208697689345
-0.1006875677600127
-0.1325978313758473
-0.1579359839149854
-0.22274661081918384
-0.22889288316354559
-0.22127697705685215
-0.22004777920325044
-0.2234043919638012
-0.22672452798967427
-0.22483821736856746
-0.22549893259509315
-0.2260722090531809
-0.2272926138322906
-0.2134112422442502
-0.20569706517469094
-0.22277907776831377
-0.18346547383555603
-0.13711537468896343
-0.18458236824629592
-0.1995276375748248
-0.2031799237726692
-0.13096737093520266
-0.03151007390398798
-0.07012357348723805
-0.10793350584791193
-0.1668397501197057
-0.1684995722763829
-0.16935590745142712
-0.2017395892165735
-0.19868937057988478
-0.158183453445417
-0.2076723770656284
-0.222960725560378
-0.22846106065643848
-0.220616076947539
-0.22516021073612197
-0.22736456150279502
