-0.31356134062264857
-0.3188111728105057
-0.3178099251318178
-0.31475422293106875
-0.31471030755714646
-0.31380479574540326
-0.3113945889624478
-0.315361182155509
-0.3195508652722025
-0.3115954465508631
-0.313956962673594
-0.3176185679857035
-0.3167413390456289
-0.313595377038071
-0.31941105295797134
-0.31016138450638947
-0.3109879403687
-0.31127524265393264
-0.31366233577471253
-0.31539132653246865
-0.31813657934342526
-0.3189689142792559
-0.31755963151860583
-0.3193535011796952
-0.3147646368859857
-0.3190715476185529
-0.3178721802717499
-0.31876577682367424
-0.3195160440206208
-0.3131511086940363
-0.3176319418599089
-0.31637232300891455
-0.3184132503544288
-0.31146817008507294
-0.3145151312175806
-0.31015539243358
-0.2792044551947877
-0.2854726631956041
-0.29336044663009775
-0.31063642689076915
-0.31399324058160255
-0.31890176378510293
-0.3698853332858127
-0.3837644569298051
-0.2778132250429271
-0.30961078711461537
-0.3130483042010632
-0.3182559222228849
-0.3183545109290004
-0.3174053419032632
-0.31625599591611947
-0.3145389850154564
-0.31813329546558433
-0.3117315725953473
-0.3156694261398667
-0.31437303136330164
-0.31255047019256055
-0.31441622127468916
-0.3147542883977945
-0.31505447757402333
-0.3178622697052237
-0.310847121420702
-0.314768552996478
-0.2768243837958657
-0.16455666454503237
-0.15334168416969118
-0.18128326456180233
-0.22242644456113245
-0.24187555111087622
-0.3118287524182617
-0.21116762845536552
-0.5900786074444893
-0.5426762607333252
-0.37274035647747794
-0.2580314124004242
-0.34537865655941563
-0.300604138525763
-0.29521369650361357
-0.30780828142206823
-0.29464789887924514
-0.30172934721616934
-0.3067321994480987
-0.31186532630415986
-0.3122413323328035
-0.3152876161997571
-0.3109328835014125
-0.31273669765699696
-0.3111820610218084
-0.3118975307371897
-0.31329903291445704
-0.2896558964626864
-0.07575932414143606
0.14790363684186852
0.2884713967448533
0.5793216626371164
0.8524386636675144
0.6356595973616684
0.5234409223014832
0.5104606007277213
0.13426259249341285
0.06750063864792055
0.1742652594024122
0.32724220176765656
0.0886466144351656
-2.9848884407699186E-4
-0.11930488260216408
-0.056654077512258864
-0.07463803048487948
-0.14577358793423445
-0.2718118966261933
-0.279262265149975
-0.31863701525046256
-0.3134659245625773
-0.3130057751415534
-0.31554967278780977
-0.31321745617236174
-0.32712941042388843
-0.36552970422011805
-0.2079646244832157
0.11908905310986857
0.312613315562018
0.5248083494569095
0.5407581273317208
0.6320372907334716
0.6714951657341662
0.2043407621921466
0.021232567988855547
0.12920388953904274
0.0795384704978674
0.2587964510203334
0.39043988719722805
0.011310228373619101
-0.19485596071234612
-0.3248286112004978
-0.2321053855977441
-0.2372105403491191
0.06605304579508524
-0.04628666527873769
-0.2841528575517974
-0.3028693582586551
-0.3161925843792268
-0.3198399541155326
-0.3117694426828831
-0.3225096728000872
-0.3462195670715517
-0.43232496023797873
-0.16972036275420715
0.2398416327062282
0.7730097909945499
0.7740520749784521
0.5810960335852458
0.8154739794392966
0.6903520254084804
0.24396384146315558
0.012788403012348572
-0.3648601959640574
0.36569415718954634
0.37407656312195586
0.12904231147550915
-0.20092259593436423
-0.19685540543642877
-0.5220439502581428
-0.7381043447731626
-0.5151841754692323
-0.06413081224139279
0.21232273448568834
-0.2500065322062302
-0.30406856601394955
-0.3130092611409578
-0.3115873538277443
-0.26677967483124654
-0.2635959421810288
-0.20646481951607668
-0.05579662682561185
0.20104541962248593
0.5539720180235945
0.7347850513381079
0.7553433896450554
0.48406667084241367
0.12724355072414806
0.3327084598381598
0.3754462908381578
0.31285112311457086
0.5913260108120449
0.6644086408664922
0.5065275737240703
0.24665106049572244
0.2317369932625441
-0.23101841636004775
-0.01920983494968314
0.10908565538229728
-0.04308798425110364
0.22875739976941548
0.07739225829374106
-0.2865638634464456
-0.31341554185392684
-0.31997271035511077
-0.31433109582559704
-0.2881327470290886
-0.2806482871497711
-0.17050726810043237
0.2714880232031286
0.733757256779941
0.63507264912356
1.0259345092621672
0.7933745832404007
0.4154907723025764
0.42914985548949797
0.037084442905364313
0.4698905194922489
0.4044849320067168
0.7880396012791724
0.3009608536085945
0.34264977701933946
0.6847810140315492
0.2452089573659771
-0.17907862433276925
0.14216001673411027
0.2123199199369702
0.13728184063210666
0.281491861886165
-0.07805556721890361
-0.2804599728921967
-0.2771082486009898
-0.31756796255593095
-0.31781277114141127
-0.3103392247487511
-0.31840742900006125
-0.13544387987738518
0.19750379527349568
0.5189056381880454
0.6725994054345252
0.9339908035601174
1.1186360448618657
0.5823660037089944
0.8289429926890882
0.22900026642163607
0.05860095532137923
0.3083306110190389
0.21539230336597054
0.6807284145392117
0.21650752512469196
0.2916839535830577
0.2563090501158953
0.4888298576052913
0.433178576705197
0.5578820427925011
0.7984449018700461
0.5707870559833682
0.08379069237455138
-0.25126858293491694
-0.29359919224250164
-0.31919950063175373
-0.29492388210960463
-0.3193707805578972
-0.30496205499767753
-0.03750831811314902
0.28915585063836285
0.45816662466929425
0.4405810666766304
0.5446867860612989
0.7307933750201014
0.3363489508069062
0.420526605602167
0.12340924077299288
-0.017951881394788916
-0.361640829601547
-0.46984801117229896
-0.10480419237616978
0.3364372514993036
-0.020310843422944442
0.5248113637482212
0.599041976117416
0.49931337932225617
0.863467260679655
0.8533943808274976
0.4740900217788921
0.022077095080800614
-0.24799988501456605
-0.24213216090781486
-0.31024608790416236
-0.3207366440980437
-0.29666733523274197
-0.19101061409244402
-0.012807868860073022
0.2623319730795114
0.5740329718939896
0.523980034147671
0.34495120584966765
0.5220374999209136
0.10340768290272549
-0.16253786327632577
-0.0142808820023293
-0.14031026468842916
-0.6681282198591211
-1.145139342838477
-0.32745315319837354
0.002991936741135362
0.6513107860031856
0.528669274080883
0.5807161152794098
0.5255184976629651
0.5805731802517151
0.6005774897346708
0.4927499969007595
0.07830648635178523
-0.2120296642310982
-0.29371638988784365
-0.3142176370763067
-0.30176882613502193
-0.24864941945794966
-0.16351092277169368
-0.06294641287465778
0.11806941356616109
0.4265216724672981
0.48563117527098965
0.47044816531947353
0.6703676097260337
0.3453063564240556
0.17238321610582397
0.3952447762837369
-0.5068514243104368
-0.8953771414181304
-1.3863425434336576
-0.5017225476335286
0.09627063821677846
0.3069410879052411
0.3847470075605291
0.44901777314755276
0.267873326555542
0.31949162070904613
0.2756329667961163
0.08305485689996323
-0.1703695893262068
-0.27447821658985505
-0.33028510925539045
-0.3144177471996059
-0.3101249402359824
-0.27367122158656604
-0.20244857429778293
-0.18441710596321254
0.007612538279502238
0.11622438364588127
0.2595253869996927
0.3162194189697489
0.3843852618340905
0.7560385454863964
0.652105200147705
0.18572266491499875
-0.47141050444166516
-1.6512792680085047
-1.1735552654735937
-0.3821347841274635
-0.041994376643785275
-0.33808900805363906
0.5035246182434431
0.49371347259197573
0.16358298175221198
0.21518412352041494
0.030694022999073596
-0.10550372768179145
-0.1941822933197567
-0.19943079143278886
-0.3226577237690364
-0.3166932650775197
-0.31279860595277964
-0.29816539443668144
-0.29650512380549027
-0.27577838891378204
-0.10203563509000747
-0.03693784854711738
0.1694081674677893
-0.0044072807873793834
0.32447422414964494
1.2342530382932113
1.1217114633210796
0.16165962662373615
-0.22770409898836647
-1.461751158398036
-0.8125087380970463
-0.29157196892462234
-0.4010050109502772
0.44025175721657434
0.6652627122113366
0.4819935611274441
0.24578179067305034
0.2275901929604469
0.0843619939572972
-0.04073604663024243
-0.17238235981855174
-0.23760640564572766
-0.31400180515901116
-0.3113424691485253
-0.31317002557630597
-0.3137411477520332
-0.35001459478401403
-0.31334388578988526
-0.1120387990658641
0.036868661694193755
0.18868214068625103
0.09875221483459357
0.3215086645458272
1.113114691016084
1.0572292008635022
0.3443928371393809
-0.4254245822992092
-0.9292773800771525
-0.3302209473704369
-0.4523479381151219
-0.10514811731689282
1.0067504560122476
0.911089018790007
0.49664029720181735
0.18596335439119024
0.07710662055493211
0.035920673329581515
-0.1669204011733166
-0.2587171069854397
-0.3171977242837552
-0.3122628706298178
-0.31005620238690246
-0.3124117767616506
-0.33598677243738634
-0.3120757515285681
-0.27775404872826165
0.0017877285584736759
0.1957491343575068
0.2919262766823792
0.21611074464918523
0.4910015571787949
0.6819528256388602
0.24849673595407712
-0.18200017453189116
-0.865440755007693
-0.9318981027156307
0.11079997713403462
-0.5612245870143489
0.5857298236118684
1.2317014862985611
1.1761419643918094
0.5967017088772159
0.17884194197244732
0.15093148851886554
0.12458216355136138
-0.09717205062082636
-0.26964929984400254
-0.3019350071301647
-0.31108480065262206
-0.3168815175870693
-0.3113216196402596
-0.33299065070976847
-0.30307702066933295
-0.2516491597712027
0.030043171403021346
0.40669196001390645
0.5780519187090548
0.5355453951655124
0.456777627165754
0.30417645138001004
0.18115792659548433
0.5063825449911551
-0.34050635164881865
-0.9086094501578932
0.34662506096653184
0.06231333912098436
1.3011477354061884
1.190664970366409
1.0379042299177725
0.5153476018772277
0.2728932493885401
0.1970013284840036
0.09837520014667575
-0.1490527981211245
-0.17797358360955776
-0.2563444402106759
-0.316160144935031
-0.3106251322301558
-0.31889547683742653
-0.3106996246719797
-0.2912889601493047
-0.2051216704345454
0.2873401461076237
0.8160296264093286
0.6118537523742187
0.362970648949965
0.5210856928621734
-0.05879912694872137
0.8977893919221134
-0.07574861098420996
-0.5804996256908929
-0.9653416303037144
-0.1382735145411222
0.4000330909750393
1.2347683505735436
0.5381978774797843
0.38067203121847654
0.40084630676700733
0.1442572708223527
-0.03106691303634853
-0.024097631735894055
-0.20265874806720355
-0.0931507708617928
-0.3121264820905182
-0.31539415524239445
-0.31985422544058734
-0.3113254160962497
-0.31533718487619133
-0.27568380911738494
-0.11920065695097588
0.6078096262647525
1.451956347207288
0.7824040623697717
0.1324317388449102
0.2768480045338944
0.7399457783426342
0.4352474213317249
0.07553034675105988
-0.14525924111676092
-0.3155224221748646
0.5393671403386648
0.8187452875797098
0.4944894314906696
-0.1488592921251431
0.09712574779298344
0.04843282942440106
0.08258273604305753
0.2664198877791569
0.22074069531542004
-0.07983801977976328
-0.24051026737895154
-0.3155339292803945
-0.33411169864137713
-0.3107048420043471
-0.3066053538098408
-0.29397101726110014
-0.18365486239974008
0.05835428813286787
0.9005039634645684
1.0604709278119953
0.32502810909191926
0.4058064288927527
0.14043991897923327
0.4152816380158546
0.06331557836622193
0.2104618185634953
-0.06401463831901798
0.29696427275574044
0.24111058691641768
-0.060480898586106994
0.3195475910609137
-0.21441763358802635
-0.14215843953532892
-0.1578178337791215
0.10404541556817253
0.494528930788822
0.23995644768229946
-0.2237208836420537
-0.38964283257701837
-0.269111683196141
-0.32909598781683297
-0.31207340444679543
-0.30241406830061895
-0.2524794073854916
-0.12724197245564522
0.07557064888502142
0.6734959459255142
0.11555023964650044
0.12711465919923315
0.10707104311672724
-0.18850783599887952
-0.13110625086104688
-0.5289274930550782
-0.3213361777241547
0.09478668709942341
0.10155931714700357
0.40328274530457175
0.030774096108168295
-0.2720788354795024
-0.35548019229553307
-0.13351156046366355
0.009483122401596567
0.031534499307009786
0.39678181231175613
0.295559394809913
-0.1688036427912999
-0.3064863654399429
-0.2585628063402453
-0.31634583878519057
-0.3124445692860854
-0.299793490230794
-0.18628552730806805
-0.17015670814786446
-0.17728950120442286
-0.4812208767749614
-0.5833404934341633
0.1833076352940119
-0.351652434350614
0.05814142528759377
-0.22755931738099394
0.11792545952554247
0.06397563153591751
0.07095343873172825
-0.13978317763451326
-0.11472918845256835
0.1269993131795958
0.033916275601326054
-0.3138757811348957
0.09540975411785738
0.024092743112733322
-0.06018658539196072
0.5573503347950448
0.2506558970185168
-0.27549306414406066
-0.36254157215397
-0.2834166469862381
-0.3115445115253488
-0.31759889406305497
-0.3090560249120127
-0.2093077135392872
-0.1669690648060857
-0.18098980344905807
-1.1916070893255784
-0.6751100062297261
0.14531997169841618
0.1849167229484798
0.07541322865078391
0.17395922547386913
0.598517578729276
0.9660810246178494
0.7896935224785644
-0.06873789544407576
-0.18764477460196707
-0.04434101654565528
-0.7903357399819986
-0.9260682812149753
-0.2572942952338459
-0.13515666807108054
0.1344807115710764
0.39599801438770155
0.09367195788697834
-0.2578784958346159
-0.3348912365150879
-0.32745732923398163
-0.31562262868843166
-0.3187465208620138
-0.3136123626891796
-0.316337971431585
-0.2112278866420879
-0.03555295063193055
-0.5987099932650334
-0.8120545795494052
-0.06613406435554273
0.09817482067439363
0.03786681514762837
-0.15535749133286383
0.24436307750648262
-0.282613964673713
0.10541399819760709
0.2931092546143222
-0.15836892992066878
-0.3526006422956924
-0.7336706563734401
-0.3852571898773458
-0.09528631618779257
0.0290102779279054
0.2015477176357374
0.14389194274322917
0.03516961541211271
-0.2901814444607382
-0.3658834363440545
-0.40023061825393264
-0.31282313774073944
-0.3162483139838561
-0.31495201176517557
-0.31900032330832906
-0.24915699671946095
-0.011907566170625558
-0.23190188808136092
-0.4345167019683284
0.00380770401870594
0.18261991049900791
0.21130416412702133
0.8210193109495557
0.8562117805443501
0.8112150637823143
1.06597464928372
0.6296638462265419
0.8681919798789052
1.1701098283709395
0.5431621346064829
-0.012929452743516501
-0.009071447901828846
-0.08049794814495957
-0.20145018544307947
-0.20356525458256478
-0.23540964264658382
-0.314464774350282
-0.3108479660149772
-0.31312920088167273
-0.3153377707189205
-0.3150136231541136
-0.31559737596108195
-0.31233954995622076
-0.3146042946682911
-0.1999161281352892
-0.18587755133788392
-0.05674942447926983
0.25890882178986024
0.36125796874740906
0.8774993797902858
1.252484681264209
1.1281067709391668
0.9800950562053747
0.8520309682678185
0.7821866319556848
1.1537695033226931
0.9374000582603831
0.5035292466841843
0.17246569465221587
0.070423463663715
-0.14428247999057972
-0.2816826034255292
-0.28266809897553985
-0.3015468505788504
-0.3179227042196976
-0.3194190094935636
-0.3149529003950856
-0.31805846392136883
-0.3139040801869964
-0.3184885678702069
-0.3175964282670765
-0.3124551368315763
-0.2816693714276348
-0.23172162568278667
-0.1829655784357465
-0.1376343752362938
-0.15385428618108343
-0.08396945579079436
-0.09435637755552191
-0.005751334854752524
0.25448687619735405
0.21626621461634343
0.1272672021562487
0.09485569513479092
0.01808421049554742
-0.0792193593365573
-0.13281623642459905
-0.13874629080465456
-0.2140855359858415
-0.28542364531248415
-0.3103725803623501
-0.3105741440554153
-0.3173987909005495
-0.3108180811915766
-0.31347090254347354
-0.31809721248043316
-0.3130255693786068
-0.31494031920755794
-0.3171514658130509
-0.31308745689391543
-0.3113395074280732
-0.31902240610194804
-0.3085957866048426
-0.3016679069218814
-0.311925359826392
-0.3087826440879539
-0.30900857332354864
-0.31229444853975596
-0.31163537324482804
-0.31633641762202164
-0.3127651479056398
-0.27479781690961286
-0.2691962342555942
-0.2770296632353697
-0.23951708774184347
-0.28375088821769245
-0.3096746928569224
-0.31326002865665914
-0.3135499683755823
-0.31174226592911736
-0.3108293771516316
-0.3128290561865857
-0.31918160945075663
-0.31039547293574316
-0.31741456706284504
