-0.1731427463405295
-0.17469560162879258
-0.17080955759491218
-0.1737616839065095
-0.1789139487447069
-0.17318542739319165
-0.17261750350944524
-0.17598602238037295
-0.17493889741365418
-0.1730783925351224
-0.1700170227983269
-0.17038092273967448
-0.17749018038215053
-0.17930112332600956
-0.17063968657884054
-0.17345515993789956
-0.17434587075326294
-0.17446462476472688
-0.17545773711386733
-0.17423596337052583
-0.17599979886152106
-0.1773641971390665
-0.17918972143145692
-0.17840636506811433
-0.17982118597502747
-0.17152855510034015
-0.17182427919176135
-0.17232436097831602
-0.17924097182021576
-0.17990670631839517
-0.17727984561035498
-0.1742575595650196
-0.17221990053716532
-0.175443265311172
-0.17473951630343593
-0.17492286210719662
-0.17761866644464736
-0.17064248101203333
-0.17490930374984787
-0.17886406913173417
-0.11699609623631747
-0.13410150559324555
-0.17734449869057983
-0.17189979655413457
-0.17092510500151595
-0.1700121595626289
-0.17411205317293757
-0.15379049048957513
-0.165177234392954
-0.17033667454540732
-0.1790146539260609
-0.1735242742534003
-0.17857514993392382
-0.17934485708991413
-0.1721591899684917
-0.17308924318438437
-0.17565441919920324
-0.17881075606654934
-0.17210271048570355
-0.17604930153974535
-0.1711582887803432
-0.17317093775253625
-0.16466257221437064
-0.15080899761836275
-0.13534142242108047
-0.13977524786750428
-0.10296954133100719
0.014663875468646276
0.2156644436000926
0.32880905808281774
0.38436996264800416
0.46757323813506285
0.5524309568173476
0.2694124130089363
0.25062217189039
0.16455602440507017
0.10340986799527929
-0.03427827455476664
-0.11439516551166194
-0.17399544781053106
-0.1793656896518711
-0.1717185220020349
-0.17425483220509128
-0.17194272559485013
-0.17364425721625573
-0.1731775729345319
-0.17068766677867156
-0.17190657654180388
-0.2027162506494936
-0.10650548469577231
-0.11082074701126934
-0.00987261826127188
0.09959584640050691
0.33711580042867995
0.35272285061222436
0.6668027998621604
0.5588243673676982
0.4541223942010659
0.6173228533762872
0.9330874883816983
0.9092053909985153
0.15751557317771486
0.08452404181909472
0.3524443947515995
0.3472866564260007
0.14114355086960126
-0.006459852409669533
0.08688782665549684
-0.06463902484623187
-0.1666378380412073
-0.1716985403120543
-0.1796411443905688
-0.17704785250868937
-0.17278359837062598
-0.1664350463001663
-0.1520049579361393
-0.047377969018340634
0.23785182410532313
0.47624480882289605
0.6060488041847003
1.0312803436024538
0.6545678890337128
0.4824746954639635
0.16054358574083952
0.4669826815557335
0.6174311272715429
0.18619687888251607
-0.08765451981730817
-0.14700491847580022
0.09036075120318697
-0.31318359453526085
0.1171897523141519
0.5250970393730281
-0.4816424318590466
-0.06026014991060235
-0.4259573406813136
-0.6795852749917126
-0.19126456036887637
-0.1720332839192655
-0.17435385095121042
-0.17704646807449434
-0.17320616821999182
-0.14872161985851085
-0.07602927071421571
0.16764980966641535
0.5389873194461681
0.91848426540335
0.6605116397574412
0.4207934401220346
0.13189142002897253
-0.2160877887900448
0.05698381020458406
0.46726235190405224
0.6431338957543056
0.3071247096419182
0.5559235723032911
0.24180413676154988
-0.010925716060731453
-0.10878543514063797
0.03393084835571402
-0.706460146688819
-0.14164768995091953
-0.8761742162649788
-0.35576443681410125
-0.6162452372728635
-0.3582963255505349
-0.3420164269936156
-0.16538702450717718
-0.17006100488807857
-0.179850303793402
-0.15035367286985693
0.019600597035338056
0.35571266788624556
0.2578054344700374
0.24925948624672262
0.2754255134428848
0.5771069567003808
-0.05309650308705354
-0.017013672206035516
-0.03929807688643822
0.3490279643705852
0.1411978134119516
-0.03691333053337019
0.3538830006087448
0.16936868642165548
0.20263433533064887
0.08356209652505206
-0.5127041771677072
-0.24133430557517857
0.08944612082351774
-0.7023731467273919
-0.7766861505110975
-1.1177354695198491
-0.5176847929401909
-0.2991834381409194
-0.18772067817458413
-0.17653488122396957
-0.17619416870389476
-0.07250519205618822
0.23692301190406723
0.9321049771968752
0.529971744137734
0.5953564496891443
0.450397893601412
-0.3506531960398353
0.34505104620885513
-0.3207241529904485
-0.018608379978539546
0.022656334784265597
0.4011518266071812
-0.22874680048143206
0.6509336878621825
-0.1869529880504078
0.07727149287692307
0.16731201916785726
0.09511393416882083
-0.09574256390075864
-0.23596109898342052
-0.0817888570289064
-0.6501381269485159
-1.2874234555407738
-1.1970728771342107
-0.182891453226582
-0.2003084519180188
-0.17616587467642222
-0.1784087972722856
-0.05579549354407498
0.43844307980759484
1.3216502114201967
0.6952630975064947
0.26048658566944427
0.41662832035420594
-0.06890798550102054
0.19896163302924313
-0.16329559208533212
-0.5196918363994845
0.03618603372826025
0.3218644197195292
0.347775047544447
0.23535578717442993
0.3646287753403144
-0.21885088230769145
0.13715623598274965
-0.3442124169944678
-0.5487619980443423
-0.1590764115079704
-0.05257754657164909
-0.6479184566851927
-1.5123025666200958
-1.7109618448997372
-0.4547204431072701
-0.15271328582047558
-0.17826399450147898
-0.17088181983690198
-0.053737261115147615
0.36415897427823124
0.9435384005293057
0.23848326659241098
-0.4161294494150599
0.009812336410900008
-0.30983853691622887
-0.2529557159576696
0.2984042181616203
-0.3974899570772013
-0.2510667183358784
0.4001832899890434
0.4826987282275195
0.6856869054395267
0.7401597209073806
0.7174752456102462
0.6103481724789546
0.04136814010577294
0.16685897764380475
-0.5585075744620677
-0.6243514848902044
-0.4347382697942322
-2.3204097060479945
-2.354176985530757
-0.7588113760738439
-0.1805782769088292
-0.17426174632179114
-0.158969376723159
-0.06722410835241907
0.26586174644248073
0.4870944532688094
0.5531892007050945
-0.11240220026539148
-0.23972719073276125
-0.6262856802456632
-0.39799507373611887
-0.219765407703898
-0.8114426770233083
-0.8931226902981341
-0.4856560802738398
0.045213555694640514
0.11058516663996777
0.7124848033255045
1.0677514168234652
1.0356047981955931
1.0254075514846144
0.8839603685450219
0.12225482328289712
-0.6931412499694439
-1.0837127495435137
-2.870896944109795
-3.9027278738227693
-1.306519208494328
-0.18375895314293808
-0.1637316275001593
-0.11855442657077699
-0.02759508141695871
0.2495380585970211
0.2830468797683204
0.09708047699544746
-0.5610514598640303
0.05630498558866554
-0.28350731724523875
-0.728370313534064
-0.5035054453748169
-0.453708455408656
-0.3331354255679142
-0.49434097205050986
0.2688096822450311
0.17853468035659809
0.2525852085766817
0.357095082132875
0.35824806912987744
1.0561285455845466
2.0571689808830294
2.3331372122892353
1.8880456267717078
1.1842253988179778
-0.16823368464293056
-2.3344598336190296
-0.8203792829300716
-0.17571009838983245
-0.17243606937134043
-0.1250561852221974
-0.04158254904077759
0.021094022112376133
0.03821444453518613
-0.24767301847259587
-0.48520953433359354
-0.20243988159091594
-0.13825563304551597
0.48221835265152746
-0.5683831150954338
-0.4820171623791376
-0.41089480922036714
-0.668285007321333
0.5207518955038821
0.10038622659540773
0.3113545437776682
0.8672066936927747
0.4940405296901496
0.504898940170011
0.9818930590784263
2.2795704608321863
3.661555931797162
4.460547860768623
3.258276944786404
-0.07261414225253773
-0.45771112449772827
-0.16971139771717764
-0.1785943944067979
-0.17039483498816757
-0.10753146070403698
-0.17062894899161593
-0.11745583012756901
-0.4572017582728555
-0.13336126080855668
-0.23272070298175584
0.056407897590317016
-0.16841940020285864
-0.26957064772638833
-0.5097080530486658
-0.6521594522076002
-0.2096401809328089
0.7268651936834942
0.2294750118639054
0.7206579687245522
0.8255902365899406
-0.06011270586695007
-0.3956880114941286
-0.1717632952323175
0.2046617673553677
1.464740042676373
3.4459002813532766
2.737738660662291
0.45303244280950605
-0.06966466359056088
-0.08198651425448579
-0.21538595708155303
-0.17620521193732094
-0.16573081372502052
-0.17551750252840362
-0.1170977860331521
-0.12061335003278223
0.45001360744795843
0.5098732030758416
-0.06877371847548891
-0.3112844351360635
-0.7842197547540558
0.053373811227952546
-0.15159092688050366
0.21522889116974284
0.5518873141868804
-0.007908072188141532
0.39405108904410996
0.6876061957148769
0.19223651496045419
0.7153257084303244
0.24667570600656746
-0.3005183447048956
-0.1003960174400155
1.0122854611745697
1.1679868067139951
0.5085499690517918
-0.05032706904609591
-0.17230791126916348
-0.18234592458351254
-0.17484229420936795
-0.16248312841660056
-0.04160772975277483
0.0012335647565744796
0.7070135304215814
0.7434046254098372
0.5945484359396054
-0.02408557504805369
-0.17274052281524727
-0.27785426959777126
-0.08228813849168223
-0.7012038566062141
0.6366941087200876
0.868511601496992
0.3538754613441069
0.2009716674617866
0.727387818261061
-0.30187745733253607
0.0844291176852567
0.5055067061286982
0.4710257656683437
0.16881873030604597
-0.2752542143318133
0.07246429024481432
0.26623149481050157
-0.007634024877553292
-0.13367702810104087
-0.17837760028967964
-0.1713711693430335
-0.14534108545779456
-0.050635996392147074
-0.13382295246611017
0.707765733917743
0.8405321709698503
1.0382891690826503
0.664003798011046
0.26409452477320694
0.1427562659363067
-0.06029738133222462
-0.2795032551930147
0.02599788705458765
0.6093091387058865
0.19300294118999636
0.5876350609973339
0.2532516759487007
0.0012818493184017497
0.08529007227889414
-0.377942908013661
0.14818653546192592
0.09599453184372067
-0.44060943880863657
-0.12395919176201892
0.25311145724191464
0.07520315650089124
-0.07875370025148415
-0.1740145393984831
-0.1754318080403569
-0.13509553561853482
-0.05803890675947138
-0.23324726478224353
-0.30250020865706045
-1.0994319099118985
0.46290634620383875
0.8631741876760016
0.8880669413054288
1.3263080552997752
0.9220006360770071
1.106165282719915
0.8624360981889071
1.1538054157744013
0.5942647343781309
-0.21469701287333717
-0.24419451042479
-0.31991759058143554
0.10075880998330723
-0.30396856854513765
-0.013202556402938286
0.010898139315095439
-0.5043796698191331
-0.4316707721841273
0.5697949242031957
-0.014981977016228573
-0.1727819822059159
-0.17325814988331928
-0.17569284643490257
-0.11852744321741356
0.041987731905205605
-0.3096704960479505
-0.3522999141427105
-1.0560110773242903
-0.33724829712363286
0.1436972927975913
0.31366146694124636
0.8079731601551905
0.8406157150414039
0.2570955311151967
0.05425393318722021
0.12546655428733475
0.10994840767194031
-0.11649428830512254
-0.327264751901507
0.13984849420416665
0.08668855926716998
-0.02422044414971301
-0.14909592468907118
-0.2527023925774446
-0.24356273214189475
-0.4125683739128389
0.47695484293866874
-0.08588576627462892
-0.17031195305569088
-0.17881160640830748
-0.14108808742828058
-0.2452261890456689
0.05591331486726694
-0.37342568911609225
0.3462300813708348
0.03019896067074706
-0.19523353072672922
-0.6805669532526427
-0.12053204614565491
-0.2761253261455859
-0.13925275998643066
-0.19844471034230737
-0.10807433392024236
-0.22401206487677086
-0.08425431722785261
0.32806242731021334
0.3007300208087555
0.09906414604437003
0.18310348577080543
-0.12816124817193517
-0.21304977617716878
-0.17759828815343587
-0.33129960187464097
-0.40635695811600203
0.40956360047321855
-0.060438614829438554
-0.1717741756518807
-0.17867187592078052
-0.17573321024981034
-0.18377118602595233
0.10805446605763472
-0.1340280181204355
-0.6778932640089613
0.03309406215985507
0.12804958404488317
-0.3739120921120797
-0.5455479773946343
-0.09327420751151863
-0.6772045962905622
5.321413293042122E-4
-0.3421004937818983
0.416642622953147
0.4113290976056042
-0.32604834111283515
-0.5126077701139828
0.08070387791655152
-0.24500917209357415
-0.04834848981419901
0.20089656137833503
-0.7011101812791549
-0.5448741959355677
-0.07513478028157168
0.0959003673669317
-0.15569817207867553
-0.18098404149432376
-0.17031865127512996
-0.17117174774134222
-0.08029254110616778
0.2164142076134924
-0.05582293832928189
-0.11654026005662566
-0.2150711136978896
0.07483272401066643
-0.15348215988504632
-0.32704568441361787
-0.4236445247908137
-0.408231227285704
0.3055875955079639
0.016956995918511564
0.016499022807148576
0.25500413953595996
0.019468294949817826
0.09553839363394984
0.10590172847205849
-0.17526790502544956
-0.2310306970167873
-0.6623506398640039
-0.8366968848140575
-0.5990782557096427
-0.1804683927583763
-0.09897146843970836
-0.17824667054732218
-0.17072159341785278
-0.17350495954315134
-0.17953600862018995
-0.11351661948584146
0.13896898844320696
0.03254501539286179
-0.0234731727953521
0.30123927645571963
0.183502170638405
-0.034752848451426455
-0.6423608838559367
-0.03556289129579978
0.033333644923523476
-0.5346350944066451
-0.3748783834679305
-0.2741589328667179
-0.18195614020997505
-0.03423565214000206
0.15972639081072498
-0.3459252106754247
-0.3215529582228322
-0.20232903311762152
-0.3856875722516436
-0.4229693060465124
-0.31977418931766516
-0.1895166920984994
-0.20703585454445284
-0.21038737172363103
-0.1739819079291301
-0.17175229083880786
-0.17142832887671916
-0.13819712637832118
-0.08078582678637204
-0.1299778516298667
-0.4733119779934687
-0.08537153633420884
0.3413065811765999
-0.2555693059724365
-0.11527571424508679
-0.44645280122831826
8.465107680818003E-4
-0.17812943664090608
0.10686708873976836
0.17204147024847533
-0.18708258183826226
-0.48887949089823823
0.029483419988926965
0.34585686458116266
0.39138224888937023
0.05117888256718227
0.060353512241048186
-0.18109847226659875
-0.3339651827281971
-0.23290895135492606
-0.24698055059601304
-0.19325681471632503
-0.17343937614505925
-0.1754558230993813
-0.17577201122513417
-0.15423371456783463
-0.0923669806901162
0.04305395861883096
0.014665116821948794
0.18726432382310307
0.08249784042863025
0.28638762250031247
-0.34675922052058067
0.2922772891099641
0.10846487295780018
0.02620580592994161
0.03151644441519922
-0.19919785038038113
-0.3062311249131089
0.5915859618651511
-0.23424984015705252
-0.12232600876630673
0.04242370751017008
0.40452375403838076
0.16891456194205845
-0.29074944714268885
-0.23297083815660155
-0.23214677184811477
-0.16419481501013952
-0.1763586816869835
-0.17256724049050548
-0.1776205600840114
-0.17849072316642012
-0.1795136155059129
-0.2506548735463506
-0.30240560283890555
-0.06334306366606852
-0.046221360807624186
0.04988895782391621
0.24910938362589333
0.09888952442573054
0.15215105680783308
-0.5416072717855882
-0.356429726302388
0.17301181712302297
0.275458357530958
-0.29402780975977183
0.22385672645704463
-0.01479297941064231
0.26209436397365793
0.1655557219513401
0.2588207602309024
-0.1298458018770397
-0.3389125388909245
-0.3715452994823961
-0.30299110100290333
-0.17571194095200532
-0.17221693144318245
-0.17909367438231857
-0.1766769249663863
-0.17794409411357937
-0.1767734737707204
-0.1790312007861563
-0.1725520215299392
-0.1391441527127314
0.0038689534276161973
0.24323726092476133
0.41557716539056994
0.4596390661448245
0.4533834301527336
0.13560282948452645
0.4389775532279184
0.7254563696396883
0.6705914278186125
0.44908864232888507
0.6472223288958572
0.49364313309436225
0.5134656864467415
0.10031298226105756
-0.13460224662635106
-0.15089767429638884
-0.17463374582864605
-0.17533583478863116
-0.1772599602876888
-0.1793452310149898
-0.1788207634039022
-0.17564576279601085
-0.17956459622263665
-0.17522284808448543
-0.17299980895417594
-0.1792434585257187
-0.1724177153809656
-0.17593486607539172
-0.17126983263823664
-0.17431138710756913
-0.17472453136053348
-0.16346083455003124
-0.1807051203540367
-0.20822728572136054
-0.11037645918453606
0.025238738640316963
0.05848973737668558
-0.012112276408710503
0.01960662465083631
0.012681561744998198
0.055930753575385954
-0.050766301095304896
-0.14768507990827823
-0.1055572650474014
-0.1340208234236766
-0.17047295266863713
-0.1750532564531018
-0.17272345607884348
-0.17227237034473822
-0.17867022149193643
-0.17819672913711143
