-0.12335803770360433
-0.12325948587286771
-0.12827180729568138
-0.12260399388620914
-0.1259770072963627
-0.12715607922652006
-0.12572235344407554
-0.12042762344839546
-0.121213590247182
-0.12942384607781518
-0.12048720606431375
-0.12475660649957789
-0.12717789502923596
-0.12665326589680012
-0.12751495642519003
-0.12514579065451012
-0.12672207859979837
-0.1218427792350681
-0.12797520290800668
-0.1255466813654178
-0.12785651064189577
-0.12160111511249945
-0.12658488333087903
-0.12710413106312046
-0.12005406664240027
-0.1252114857457869
-0.12081257099229033
-0.12573222590877295
-0.12711118819109904
-0.1274836132828366
-0.12465574512260429
-0.12666388625597477
-0.12495896179158979
-0.12340353904475108
-0.12350440001368955
-0.11954741602822437
-0.10873937798371
-0.08096068358005114
0.005870169692719843
0.008103883697135156
-0.04726742682132078
-0.05832395255976806
-0.06279548643420309
-0.0929998119927803
-0.18229659494495926
-0.005655746145706237
-0.0491127616544055
-0.11140717935660024
-0.0842054345842948
-0.1021769208238312
-0.12116625807529148
-0.12874589120584437
-0.12678693971961252
-0.1219015376127948
-0.12096344844156069
-0.12731674715697133
-0.12845639104914133
-0.12263001278820064
-0.12371681925244378
-0.12598990919483333
-0.11951475374279986
-0.11698968519324666
-0.1259601770063081
-0.1250343475052532
-0.074446968463546
0.11618263449505124
0.450200439876166
0.5556293040790351
0.4072455743242026
0.5896775241080205
0.8098655393014564
0.6377842900895028
0.4773441752546141
0.7339049730864812
0.7609941207698913
0.5787970313381648
0.2770556159135108
0.019026903239975253
-0.008530157113382454
-0.060309607700740835
-0.10426398809243338
-0.1250792352917697
-0.12476942435367867
-0.12925345729450763
-0.12468974482469654
-0.12556259223408184
-0.1248218282044244
-0.1283117738470435
-0.11835784247766405
-0.13019450534943836
-0.13266198838831536
-0.21671253678097402
-0.3076325871369176
-0.5665284427455474
-0.3365302427928065
-0.30223461965643617
-0.15468977386353333
-0.16590936876360549
0.24419867257803207
0.39088970710859783
0.1587217494490509
0.2744246372319967
0.496603552469268
0.46752204217107257
0.6135376894837729
0.3020153191915025
0.3105137468136435
0.2627897352368801
0.03104572763283904
-0.10918714412934788
-0.1251915209996365
-0.1263545635557882
-0.12980748637853726
-0.12973586619313623
-0.12718415307998504
-0.1035905729308541
-0.04302957280260131
-0.05795092640071086
-0.2306999116877051
-0.3093479279193378
-0.3633096113649719
-0.6032026458178777
-0.13718236216552268
-0.06729861991230311
-0.10925678563630636
-0.31765115357255813
-0.19001621269592356
-0.08515995831841339
-0.07147847366696859
0.2843802254994104
0.0964616517814169
0.3013187719722289
0.5747130945154305
1.065115403926586
0.7873812304476204
0.6560504886948479
0.2790082534603818
-0.03123919196791361
-0.0996009193620855
-0.11105090813807297
-0.12986621053877173
-0.12705566132960378
-0.11753644405068205
-0.1163293184905843
-0.22629989641097079
0.07437738928876735
0.11561552797382187
-0.09546660194379002
-0.17680384944334782
-0.12411121125906495
-0.07166016228455777
-0.39101238094804047
-0.29888295637328116
-0.494435331508886
-0.26404888144626637
-0.27193664297754927
-0.6840827925939061
-0.3644819554933883
-0.5213194950139011
0.33987362154605216
0.09989460012999125
0.25870831403302136
0.15784079211382304
0.609599287087432
0.48326805088275315
-0.0031190526466173644
-0.05084256393445519
-0.10289109034021607
-0.12295848228879382
-0.12976132594318546
-0.07005625686562941
-0.035602462942634465
-0.0800870563189059
0.18094623329629794
0.12801577160980876
-0.008285212592035384
0.051108816564928584
-0.10179264208046104
-0.14577686717124624
-0.02095466811585232
0.12023598216309013
-0.2638786191645366
-0.27674476491257793
-0.06431914396886297
-0.26707794413771624
-0.016937042981523112
0.035399935018756316
0.13396199573682346
0.4230865213992227
-0.08204847322042413
0.29886933496073553
0.8139108625817673
0.6076168455406288
0.0699382525095793
-0.030971685385031138
-0.12932550500055448
-0.12525678409332294
-0.124419594344008
-0.21883074202784195
-0.11099410266946644
-0.1311941140138939
0.03541811948990998
-0.10913849749054418
0.3797948369936961
-0.27421720521052506
-0.0015133614716026176
0.22428788817289963
-0.11895711869675406
0.03451953810115973
-0.23166423152408097
-0.02724443849855695
0.1754209898299279
-0.11992109220498277
0.5997439929863375
0.20124369934931322
0.31626117637884366
0.18635604631731736
-0.39433542919639164
-0.259651361686018
1.044888863431806
0.7968132448620551
0.19451502042170754
-0.07769298338241498
-0.12398866655641592
-0.12084991710760944
-0.12284884700998676
-0.10798200551655007
0.113891131581503
-0.13704044356049952
0.029261985058314587
0.15298957079098718
2.513637022952906E-4
-0.0291101450338562
0.036874650239110206
-0.34484366509097203
-0.18220760098120758
0.27706395473926365
0.20663939333217685
-0.2648550613409487
0.13935631297512013
0.2335835984586435
-0.1815437650174391
0.15344619884790905
-0.21043174729219857
-0.10117866073873506
0.21745400028846776
0.012971381241702518
0.5145069148219044
1.1411782517636955
0.4058096960461075
-0.11531626728783258
-0.1211356262915226
-0.12588553740681344
-0.08438261848940677
0.09467918303614561
0.2442074164206272
-0.09706298782726518
-0.49852909248745425
0.12622276758241835
0.38136795278624247
0.2815252856072852
-0.17215049874105656
0.07696694646457736
-0.4041153723736017
0.001888373169752152
-0.0762893127553226
-0.024703594692219246
-0.14467908248148728
-0.31650505943721396
0.18372503088380931
-0.4409898799574514
0.10927515189412572
0.15002785705015387
0.4277041825036633
0.23063997393095656
0.3461515306628056
0.8435341090674979
0.3054482955196451
-0.11142319825725543
-0.12323146669273917
-0.12331103899183062
-0.07280342690695711
0.05500589210003532
0.1678773937531361
0.10107189759153484
-0.33503178433789305
-0.7492023729495707
0.05182504183487476
-0.07433350799549703
-0.1316892212930591
-0.11749589413926188
-0.004155345365690849
0.2770508985731212
0.1185838253568202
-0.06310894178337965
0.3616750505457061
0.060548022680517816
-0.36761205713044415
-0.5169550882229633
0.09602507878716138
-0.20322190821046537
-0.06042669844185312
0.19582186258575515
-0.07742441162007668
0.386640570936214
0.16297696770915718
-0.12196648119491972
-0.12434853243375955
-0.12268425798624834
-0.11482644101318235
-0.08433531414316274
0.29067415789724926
0.05104626697984733
-0.5562341670385113
-0.11960292085295264
0.8278052419283625
1.1133925345985238
1.0208551078879402
1.4129250174371484
1.1850887354574453
1.2932545071682287
1.1735709726263146
1.2346033501684108
0.37165824496563044
0.015570090541553248
0.35165060193975883
-0.05507721120542975
-0.14858909258758324
0.08872592789253216
-0.31339118425745555
0.19875171395455174
0.3788845391038486
0.13595882197950682
-0.29649861732450755
-0.17821498239723918
-0.12852364708538122
-0.12363489350451616
-0.12004992209049016
-0.09652585151613206
0.39815993956600915
0.19668886199798002
0.6429882905822357
1.9177605817973498
2.0600606064942246
1.3464945813256386
1.4599299320865546
1.1072758986134652
1.0884415300287882
1.1767241460854423
0.9314894781532199
1.4795604003489717
0.9674227439465464
0.6262074886558501
0.6935126810123632
0.17726912407395676
-0.4262903898856152
0.19157832066702404
-0.09043712948787173
0.515926300427861
1.0515902188743547
-0.14581800460886568
-0.8126551541966591
-0.4685805292406023
-0.1617239193421739
-0.12536179741592565
-0.1266981086868596
-0.10098579892010029
0.366111411791408
0.8147563959324391
1.6089070571081194
1.8668862947562748
1.2459887787173847
0.7445162086371189
0.5413444500180152
0.23146155759499365
0.2537769666651258
0.03328922896449395
0.16510650912236693
0.21749804933086764
0.4760632200681184
0.538529640615093
-0.06130442502861903
0.22590116988315326
0.28989922048719197
0.4841522984911635
0.2110144768369758
0.6852769021972793
0.6335967485856921
-0.2699580342750445
-1.1680543530010066
-0.7832283079843539
-0.33189822161496346
-0.12157982443505518
-0.08785051837976825
-0.09182826032648844
0.24688870779347383
0.6031561350793797
1.3244563873502295
0.8597555687061075
-0.06969341786615829
0.14878053226928595
0.02142237073425935
0.2645802897030883
-0.046711698384263936
-0.432112759627396
0.07239066691755514
-0.26979545534699767
0.4583215051975153
-0.32674170316434653
0.806987034556732
0.08287834469851765
0.1527721916527675
0.1652065100254762
0.3933543711460264
0.5700207271969349
0.5021471928447462
0.19255249163055185
-0.9235536433580229
-0.8844631837414554
-0.1463010146889579
-0.12999448890137286
-0.04976772911247125
-0.03441136206401447
-0.045809505433615255
-0.08022517889775999
-0.2034213077766223
-0.3861318651160017
-0.08039066832316973
0.055117661584002046
-0.2293668088305654
0.11499094552081282
-0.2475556158163551
-0.39502289246398903
-0.04304396219875553
0.19998272160331343
-0.01355965361985303
-0.2613776136889955
0.23121270450490183
0.5042993894574287
-0.04647240210318936
0.42809977754706635
0.28005055989256433
0.5776637140559032
0.5714740636980918
-0.28343097825183083
-1.1474760700106867
-1.077434255327519
-0.24216003553239723
-0.1241538551106884
-0.07232876520943116
0.04338773388558319
-0.30212116700051195
-0.3004777262517332
-0.3551784649197695
-0.7339701703782048
-0.22162628734007053
0.005036261359892732
-0.22902567667165427
-0.16427071195683166
-0.16303272117316134
-0.26146307921547857
-0.5291187209178239
0.16326744296397086
-0.16666130438980184
-0.5396431539905964
-0.28369879810568954
0.21227855126248127
0.05444150649799942
0.2715714135139138
-0.38434764544485334
-0.1463812362517976
0.11506338520879923
-0.1955859946095887
-1.4290695928512136
-1.0673173265110032
-0.26978023812345625
-0.12418919697673926
-0.1116461109243708
9.926486361757601E-4
-0.21916062267114497
-0.4443672944869813
-0.7509045444243316
-0.5371184661647715
0.07284071582437668
-0.35224821094714714
-0.2442063585990148
0.10736775155044744
-0.21294638465940716
-0.4923059760226226
-0.4584094095952612
-0.003028385373488898
-1.0545290439005115
0.026069340831665747
0.23681437427356714
-0.2575415486564599
0.2766094082414529
-0.016553702644037945
0.09372778196809398
-0.09087814014762892
-0.2310763799443595
-0.6947058509457037
-1.5064324892103946
-0.7367021164334997
-0.19684308237128084
-0.12943057188908844
-0.12273874974256686
0.10662224899496525
0.2913215954595494
-0.38787571284865924
-0.747009860336105
-0.6613429593903352
-0.6495716894534346
-0.22852251181387273
-0.08164343749729357
-0.6130992849678384
-0.13620638453909473
-0.5085212317462511
-0.3516385522771903
-0.6982418775528102
-0.34993900433023056
-0.15512386504052733
-0.5500147211434038
-0.14129321468378775
-0.008653523357321138
-0.026530679169484317
0.03398131393337884
-0.12354399764391083
-0.8355017416775212
-1.423853746932954
-1.3244915243244453
-0.3405063473686203
-0.18348260507982694
-0.12017056229764937
-0.11678030924442927
0.046051870927829724
0.5366056150218891
-0.5600100545952392
-0.042071841674624084
0.07698136893148391
-0.3320894896305817
-0.3038661127898254
-0.17943225780370586
-0.47096942833533145
-0.26389799772741684
-0.4095485360397444
-0.6300183462412153
-0.2929298768568561
-0.31911177452522177
-0.07018166970361155
-0.12286455669469945
-0.05552607315272708
-0.006712735216355219
-0.1938390327804026
-0.19889297866984929
-0.05883527301728955
-0.46522371440987353
-0.892236399867246
-1.1488518205087983
-0.45575451362606806
-0.17208985016145376
-0.12794905096686612
-0.12678072686588113
-0.023175629478390948
0.10759838764469946
-0.4635064911200693
-0.4548580489078098
-0.28563433216979384
-0.9314593726535789
-0.6201950067031514
-0.5281843630038734
-0.12937770323802505
-0.4168890097786417
-0.1577002440422824
-0.010609884251891601
-0.2994645373183424
-0.16855239264018002
-0.12353483059996405
0.6511143662131507
-0.19363524527428105
-0.1687870689343545
-0.3534807293102429
-0.4406406902776384
-0.14167428117910125
-0.9037521661929138
-1.058208949458991
-0.5541958554194003
-0.25152455321413725
-0.12630338993288476
-0.12364400127502638
-0.12674310207599437
-0.0355000228343695
0.2315819267696514
-0.09230136048763944
-0.30253846272965496
-0.10914830609630825
-0.06266309497744411
0.366295993989565
-0.7430618240212877
-0.2588552673238113
0.006181392832672351
0.1503525695832601
0.198978241754679
0.5960769653517936
0.4948532108144645
-0.325237276713885
-0.09394079164617707
-0.27263077942460984
-0.5213978146038137
0.040730063468269684
-0.1154346114313569
-0.7686059665074286
-1.3085141336148742
-0.8323699210715871
-0.43476628019643154
-0.1938494451743594
-0.12765842814823025
-0.12037782400927759
-0.12236256294954594
-0.09204914309059314
0.2380164766688725
-0.1283090171772391
0.08931521565000848
-0.17218819008340622
-0.4611508151038967
-0.3990503766913673
-0.7526610105590938
0.22064501520172894
-0.23294817573281767
-0.4586734715604547
-0.12949606768964855
0.121571619681131
0.39046274358050304
0.28573127906774964
-0.11980646025974702
-0.420901591552994
-0.2770500982653648
-0.34744802163611
-0.3753453133195395
-0.8427000563130813
-0.8004755845418468
-0.6380644252537566
-0.3156370250025652
-0.0868923461004925
-0.12585106821772635
-0.12378602727168718
-0.12678927843024534
-0.12447358380399033
0.034825952561370874
-0.10236867803694519
0.1966242903754186
-0.09589810669865118
-0.03676130979255693
0.25378977743555525
0.18345334016954978
0.40330651491030955
0.06714837954705755
0.09343289579897082
0.6394150833733621
0.43993383143495257
0.22708402479764414
0.22240606301593763
0.2517081107149994
-0.3756354808969822
-0.5348183796220592
-0.5345201712270454
-0.6472202187958187
-0.5166603548922916
-0.5214052229309746
-0.4601190127414451
-0.3256653063795135
-0.10274425573605493
-0.12639055303572225
-0.12554444341834767
-0.12780438581329964
-0.12807700585691667
0.052902989047082856
0.3899953063391738
0.4442979294057591
0.6117513371057126
0.7178412185136862
0.4728461514210136
0.27803185874715514
0.4140575943418052
0.5359533631546451
0.16265902992548087
0.18193155975118172
-0.20416481887076426
0.07433265589629331
0.1451398613117252
0.140111559787149
-0.22416190196198926
-0.08430077204809244
-0.02182065077070608
-0.1040528836277958
-0.10375832013752528
-0.24680719477214752
-0.5363022985525452
-0.33732172445390557
-0.1408203784878047
-0.12438413441457728
-0.12721345199963066
-0.12060260857219991
-0.12933092810394503
-0.0723138954496713
0.10113317617953323
0.27717822977039963
0.4704897832035416
0.7177626634912327
1.112329506964624
1.145921536415589
1.135165670865082
1.108052194208937
1.1641862725397456
0.8289251213171944
0.43269986716374814
0.38928242104404986
0.5010426093681772
0.5307262961666919
0.8620981911009226
0.5173700344716359
0.3288513773852226
0.4248030750127353
0.41860838634204073
0.14962809476841346
-0.08713571151326785
-0.1348989829228362
-0.13358475663127764
-0.1250129903157551
-0.12043221129762972
-0.12229756728697651
-0.12204888746042265
-0.12894762710614793
-0.12824195868522756
-0.08180455423057174
-0.028169156408926484
0.07074938620518666
0.10087952773054017
0.12305955548078192
0.20703320019149102
0.262336637007244
0.32567301270976445
0.36075991624223797
0.30756259020876897
0.34294696020128806
0.3261182239833566
0.2109404349831743
0.20500413532081144
0.042667250976567817
0.01794791694697189
0.011420079479041592
-0.0010839824149279469
-0.07336036512583743
-0.12262147350894333
-0.12274502937163208
-0.12648689874237398
-0.12975642278309404
-0.12628303257322243
-0.12485344114443604
-0.12641492202121113
-0.12991731426422323
-0.12844450567361482
-0.12592887925460622
-0.12595882416352397
-0.11808218288787665
-0.11689802449031107
-0.12623380495409958
-0.12215738987594037
-0.11178743041482325
-0.08773755774906047
-0.009207743223710855
-0.07990106563280383
-0.04952931507816444
-0.005701692437860036
-0.06255022680067286
-0.11901905869303293
-0.11848211845006672
-0.1009150278909356
-0.11479385470918257
-0.10104158138996888
-0.12635345852663749
-0.12485721701957932
-0.12444769475586588
-0.12937253125489281
-0.1282132761908056
-0.12965574826399334
