-0.1779439089548052
-0.17732221624655287
-0.1719209044812958
-0.17527025703138982
-0.17761715884704837
-0.17725861171493462
-0.1749176268408821
-0.17057064302161182
-0.17033365428215166
-0.17034215541619924
-0.17754024926618123
-0.17617844839259972
-0.2197551037273765
-0.2768242447630674
-0.17924786605272003
-0.17411333909228324
-0.17813248567558532
-0.17139128336807422
-0.1705297392944603
-0.17532786397048364
-0.17798211919387436
-0.17037258571396702
-0.17607306659569993
-0.17993211365831147
-0.17902532469878554
-0.1717071787673448
-0.1784363387267165
-0.17481689976475775
-0.17453553514535847
-0.17929771248728027
-0.17983540326980557
-0.17164145604378575
-0.1761978509414501
-0.17361195534825363
-0.19366501832466843
-0.20628650874958157
-0.30648955798247673
-0.24291015934861238
-0.15106222593210128
-0.25656845169980935
-0.500357635094957
-0.4520838490572593
-0.23371835161512222
-0.18720648189232775
-0.4775223147319498
-0.4119255732821172
-0.34881283189738593
-0.35808482910208633
-0.23860375221827507
-0.22702358230839723
-0.18051165147077922
-0.17179588695194747
-0.1761772920102079
-0.17597849632910423
-0.17549497333670389
-0.1708165015920471
-0.17216463921482716
-0.17209433929822254
-0.1743937055722154
-0.1756942367541863
-0.17119284504083007
-0.18065284643742663
-0.24996056906454733
-0.3079697212089698
-0.4404063088255733
-0.3953180993653785
-0.35655218401756333
-0.4164509419760375
-0.9876597428039966
-0.8885893013994821
-0.8546038125782822
-0.7255129741892677
-0.9511502898414808
-0.7693267662364833
-0.7752180889600055
-0.605714330116857
-0.7131098360735413
-0.7584944918314332
-0.531214278301659
-0.31149295466648746
-0.12397791557007733
-0.10694104538604407
-0.17434831737899578
-0.17481523719047448
-0.17543306477697815
-0.17494553954020606
-0.17677881097415615
-0.17285119044853292
-0.20022699998065024
-0.21697549923093273
-0.21429875077479305
-0.21129311668258183
-0.21903962370422841
0.037204756812494924
0.16242696613255309
-0.1327843694720094
0.10428953757043283
0.07999844207179425
-0.24934341325698495
-0.3647851667506311
0.007286483873699064
-0.3671694824172694
-0.3453048853160314
-0.5344070952142578
-0.5705099961590986
-0.5276924091946746
-0.32698347862866683
-0.5392185750616492
-0.5173978475612597
-0.09480332083802175
-0.20229808231369611
-0.1720542363414214
-0.17475670163943963
-0.17036389316429357
-0.16701932088174398
-0.16962834057079085
-0.23345612898586682
-0.09309953715596478
0.13011031664296338
0.19419486970337693
0.09232665716218608
0.5147431033610891
0.10339610201266453
0.45355726109764455
0.6276637874106786
0.6774811928085236
0.5652252539396511
0.7297273128071745
0.22119024429996237
-0.23431262861899896
0.2577101256107937
-0.1274608450874323
-0.09663211281434678
-0.2422735029336274
-0.14031539247973754
-0.3645141634439037
0.07017549670715677
0.008739221184874421
-0.12895544478588883
-0.20371712425308355
-0.17294092424089072
-0.1745617830165034
-0.17791982303973597
-0.14389096589467326
-0.2679207696574897
0.04536531320462361
0.2730846218414261
0.5447973981671029
0.18952912983238496
0.22623507980479043
0.07439336677261287
0.6789716265442698
0.1690829555656462
0.6319958850914704
0.2653879504793915
0.6001270820630225
0.4286140670125759
0.20633193135123545
-0.13860507220997445
-0.3567221443256016
-0.1867664707993246
-0.0754319033169582
0.18096388253674925
-0.17632454327468466
0.11358827539154293
0.22650003228097054
-0.18143992767097916
-0.2139232886334575
-0.17587795443854545
-0.17279804734152882
-0.18838925853053656
-0.10805965339783463
-0.15006059770693866
0.034912921938209704
0.4735894932232638
0.2888814384464815
0.3013196370313184
0.2578064485749266
0.7070770659767861
0.03437709541717716
0.3676071867014189
0.6361803918748634
0.20728368987801382
0.41652674684818214
0.5626484641606578
0.5677959307616118
0.8245736184763772
0.45223409992361174
0.4168576459772699
0.4463338983118705
0.3615866167865285
0.3691422507246934
0.3986112695969009
-0.06373666798029559
-0.19668996472167666
-0.2074716077687361
-0.17851635571233834
-0.17495365422980363
-0.17135590573184353
0.0035226190049571053
-0.05184418638976286
0.12333929745904085
0.6580535123896455
0.06998587167952522
0.21666011975211652
0.19867310122099655
0.32824202280982473
0.12283178415736816
0.6592544313295826
0.6082799373495573
0.13475594693367848
0.2438786308516892
0.9660273438927155
0.4746716807141883
0.9419992485865415
0.7734903205148819
0.9102789496051585
0.6823259477770865
1.0401488846534457
0.9635055485352833
0.2780559866210797
-0.01797381536126523
-0.16284928984957156
-0.1999931289090472
-0.17028997382717947
-0.1705359283518774
-0.17021593180698955
-0.04390827321554926
-0.12343852326922998
0.2877829410212619
0.6047466938836161
0.23728900331203528
0.37798467911909084
0.3969179552292355
0.4422424653671807
0.3325980470263081
0.04300966187719558
0.33426461090234294
0.867476378937632
0.8327826125839111
0.9174720514277059
0.7818915286599849
1.568322903733287
1.509588970567316
1.228128324064129
1.1861476482833153
1.5081964011409421
1.4705438801529351
1.0378125479518072
0.3568429456444986
-0.017949155783840674
-0.11207563600154002
-0.17504325384742406
-0.17651983238741428
-0.16498032718683264
-0.0901914127498437
-0.08886019543880302
0.40579260343902873
0.4849262542220742
-0.02363534189365176
-0.04030897830271387
0.037334919621788504
0.489162837038052
0.3973588759988318
0.028714741401028136
0.9122373959132721
0.5623491570515072
0.7181296275378283
0.6820455428697278
1.3266646246336997
1.2337801430238702
1.0564287267557717
0.569314692030848
0.710488449198629
1.0182888793285478
0.8019706842607788
1.0567236502827129
0.6980935766346498
0.1723938833505032
-0.11159097473500071
-0.17915196381963502
-0.1759562989886793
-0.1385703149821627
-0.028771648751137184
0.1529139590243428
0.42699708267258774
0.11254134039448474
-0.09341631187043019
0.0776745806321623
0.47730277646917685
0.24334901717829066
0.16233676746039646
0.3072680866109153
0.170132064053858
0.45444445676679884
0.7777851693955776
0.6235923162930387
1.0820590488900692
0.7660590763576536
0.8777174749746907
0.31506061752288284
0.519562538899887
0.7997535516153086
0.16635767972294144
0.5855786336624773
0.726546924018285
0.30587971872618136
-0.061808987197481506
-0.1780129767465618
-0.17011158949843747
-0.1780443864872446
-0.00836983320041171
0.08971721903015849
0.040067475558899404
-0.17418345787973147
-0.1707200628673909
0.185947433816175
-0.26357675721458146
-0.10699170824490764
0.1348364078581378
-0.0431895268238968
-0.5066177695215797
0.291667042447265
1.04537492807182
0.29031119853128307
0.24803533020386953
0.15557443223012607
0.30019406709674545
0.49697142246202214
-0.09819980197409242
0.2870287125711207
-0.4665486677709898
0.0213238516409644
0.4444349955088772
0.3121437720379496
-0.1322532655879679
-0.17536385906945487
-0.1720481414472093
-0.17197980058737863
0.12111171956518982
0.27630828756564874
0.145328309022977
-0.4484265026275205
-0.26777018058138763
-0.3777485638009105
-0.2749620485929637
0.26039919344271495
-0.30855427330486884
-0.6600311804955895
-0.3818190563209101
0.4167068315159121
0.40201529718251733
0.10605921014540715
-0.05184537567908139
-0.13334712610127838
0.4321298248551172
0.5536263943208458
-0.6157719531649237
-0.6179084468386817
-0.6581332326431097
-0.13104226121675727
0.41065925050555696
0.3448622332703871
-0.12017309013666518
-0.1719926326960486
-0.17501634959113338
-0.17095415614340617
0.03848139095503399
0.26062598768590917
-0.16374309148945768
-0.6618486048495003
-0.07745635217913949
-0.13258589420381164
-0.1179576447380576
-0.5006517288584532
-0.13660669398610187
-0.28024605074939285
0.11143849914414194
0.31650364048334734
-0.6140337421790968
-0.007335468615646429
0.76244642704347
0.23615224488917722
-0.34325550341687755
0.007055320423638235
-0.5741279390208491
-0.1799114065612142
-1.2719006659073488
-0.38915543938613933
0.4005875081483281
0.18495077355227565
-0.14767875347605583
-0.1703101849811446
-0.17479821102876517
-0.17186281795657515
-0.14830102776035112
0.19559387987904522
-0.05855451022587988
-0.4721610837226164
0.02973469926321004
-0.2909148419074806
-0.5465162303361857
-0.40892254872091793
-0.8846849969304277
-0.1805211748480446
0.3859180690870373
-0.08145318202452737
-0.16375830304094688
-0.32566492381081286
0.15334038722010213
0.5855168630153122
0.37931595020078274
-0.08396445754269115
-0.05579960453009223
-0.2879406515474076
-0.2559744026353504
-0.023797457340632364
-0.08672189944765568
0.24698024137621244
-0.16477868374367502
-0.1789824042872875
-0.17122774987868372
-0.17878319831011688
-0.12588048759233866
0.33412028461988796
0.4206230938400362
-0.39026590412699247
-0.36738322262805684
-0.06060802119717667
-0.4678909694328393
0.050838169328923946
-0.9978553895931321
-0.35331160614764295
0.3390293061932612
-0.48525626695202223
-0.3982780104615639
-0.04914700551319662
-0.0651103336188705
0.24676144199325442
0.12098710368082886
-0.6239977747973507
-0.7903003819176632
0.22378016369448298
-0.05609380811056718
0.12677050595293854
0.17175891645569502
0.3496953924117988
-0.14545265392978377
-0.17735623838814202
-0.17050961812955562
-0.17164932837435098
-0.055170846035442984
0.5167341805568781
0.5582799185477325
-0.3805462319349793
-0.4255114174204746
0.20663040881259956
-0.4918422735807072
-0.22247113070360275
-1.160811071419273
0.09374748578891871
0.29297757817356435
-0.06274934111550823
0.10578544508338632
-0.0724730474654686
0.39268052757134775
-0.06556345842744789
-0.023559770756422124
-0.0691198855853538
-0.24398937022232814
-0.16925438558713296
-0.03003948109678308
0.036720519806178686
0.5532518046079005
0.2957080029005055
-0.11653510336266752
-0.17276347386012111
-0.17666626015037362
-0.159325859884288
0.09026005436796646
0.6357505534202265
0.23054010554926588
-0.008526418369343475
0.09871513326274975
-0.45534288223953684
-0.11840663146658835
-1.1884243234105856
-0.9156173593293919
-0.040404396948574665
-0.15908932169752504
-0.22445409738193497
0.5417521476044154
0.41699010763764083
0.06408934741529236
-0.3253100163882832
-0.5715174989834506
-0.3524263556742415
0.19514916766364673
-0.03432109040108188
-0.5721030323618234
0.14886044792240366
0.4514576537715159
0.16155364144159387
-0.13764465485962576
-0.1749481477329879
-0.1774655031919372
-0.17490689411019927
0.22021017920508001
0.40634247789513667
0.44519065425248255
0.26297543765624215
-0.3503735195426918
-0.3322990336470265
-0.3981767171680997
-0.584882653009449
-0.15161990248632287
-1.1972432508816133
-0.6080948011704248
0.11676548434389701
-0.29505284829714223
-0.6435882545612831
-0.2986350074173827
-0.707212279848303
0.010912596022540513
0.2828800898278811
-0.1408388866892053
-0.12292669435416752
-0.05937334184202272
0.6946282590377805
0.3028709740712136
0.07695972929861285
-0.1277390769215754
-0.1708381119443089
-0.1775144297409804
-0.17962358936498218
0.16229445308569562
0.21282335061916763
0.4433506854879304
0.2423233376718673
-0.03006420577125838
0.33654938528330486
-0.343966666498176
-0.7636724712477406
-1.301490035628765
-1.1298348570560963
0.06713041539288948
-0.45286800781257636
-0.22655022932596716
-0.14889680317173132
-0.3166185009415857
0.06310986704220407
-0.036026825718888315
0.11651168394234394
-0.28159100705380224
0.13056458924472567
0.6502734719709716
0.6629078099817036
0.37800637108055357
0.15717523479025572
-0.1466482688901163
-0.17966837939699445
-0.17885186761916777
-0.17323319743694418
0.004716454522499979
0.18769357163379974
0.5939607035508722
0.5053477246344792
0.14469135410884915
0.6208056499350211
-0.3472284794136056
-0.5724112276378547
-0.3679720506894058
-0.4373250824779561
-0.17728928739418873
-1.1286557292624368
-0.672515867609549
-0.4694502308780046
-0.26507872663218535
-0.24577756294796432
-0.04450696039570247
0.15088409494555724
0.23035697176001732
0.8833026121322343
0.7716359871439308
0.676332721509572
0.11227527721210348
-0.12034252866787178
-0.17955307908193233
-0.17306349078296387
-0.17733081753582405
-0.172239858853205
-0.11749406300282407
0.1008757206348759
0.5872818874250475
0.8790414593667389
0.21821811635728233
-0.12668913355495828
-0.06539008591915307
-0.24875720774842772
-0.8556827400886053
-1.042599034381457
-0.9798903805722426
-1.0042347675846086
-0.2255472951076355
-0.5178217237523097
-0.7972226952582838
-0.5598572562139897
-0.02918092761907054
-0.042590814276253136
0.4804330063065638
0.5321433118948413
0.563085335051304
0.25686349645257406
-0.07485230040164534
-0.16377943904597217
-0.1742466777463009
-0.17709825023294243
-0.17135362287253333
-0.17107784871363121
-0.15561052574940673
-0.04585105459563288
0.2870776303649858
0.6973713347005062
0.28645669924316813
0.2376256165822996
0.03879339957554219
-0.4562001567186289
0.021058942924846717
-0.17310317361461933
0.09220101291268662
-0.11730367226896295
-0.5097691161095057
-0.08671785108382682
-0.1183135089813288
0.012895869049034956
0.1174002376557362
0.07743528187659764
0.09025940079369835
0.3465981147778683
0.36714397856486186
0.14733689562703534
-0.11386860873039203
-0.17493956229861402
-0.1747848506732837
-0.1735807864746271
-0.17810667384272663
-0.1758631940140134
-0.16531914568396594
-0.14753059763400983
-0.0698768355090957
0.11866787452226497
0.40057082331642646
0.4507293399822281
0.698726685147564
0.7757967118047577
1.0320425073749542
0.8113393685410056
0.25775244436001893
0.35056792177237334
0.43419363191775423
0.20812012094782012
0.289772196935176
-0.3216871935333586
-0.21744861975836388
0.08010036902165302
0.09135486278988726
0.03901587846856856
0.02633106414850421
0.017297768812064906
-0.1512944177938243
-0.17623483302398568
-0.17421373159265663
-0.17583900914830752
-0.17133791739925558
-0.1776465149290097
-0.17065258248694978
-0.16480219718943354
-0.15992429457514573
-0.09850728968329209
0.029452786140539804
0.21509518756453422
0.35599717709349393
0.5626928492684173
0.7236229841712655
0.5991433637276142
0.729527736894127
0.7935246000171253
0.7716522303795494
0.4821036629727009
0.22258650352817683
0.10251257556009373
0.12796369098008561
0.09567335273361294
0.0023614833493956107
-0.08888014243784187
-0.1381902838894853
-0.17520916482088233
-0.1737338938401478
-0.17660121309317803
-0.17730126406972713
-0.17014113159427713
-0.1739294315999926
-0.17941585549205394
-0.1741540081303335
-0.1706153222634994
-0.17605108212161844
-0.12388529046221956
-0.08844447384212861
-0.12225985953518674
-0.10773695744581699
-0.043006540901015564
-0.07745991651821865
-0.09313012395249151
0.014209221292967181
0.05501582462505308
0.07317573672337857
0.1059181234577394
-0.012685008960660217
-0.10351608494102753
-0.10382302282019189
-0.13207370124045228
-0.1705121038843634
-0.16967241016996482
-0.1598931029718631
-0.1788513668190911
-0.17854816938323595
-0.17981167481755583
-0.17210191864143895
-0.17754305174135546
-0.17803880934698327
-0.17161883292715802
-0.1724353095740053
-0.170752301196454
-0.17499897722502414
-0.15863889360905256
-0.15383759990411772
-0.16224574612106696
-0.15136463720188967
-0.15477388020833352
-0.16947413091228378
-0.1431969256781804
-0.12192047409946803
-0.14340423448036355
-0.15085207558828986
-0.12300916810305777
-0.14748614570410953
-0.17540213332529309
-0.16421969959818178
-0.16831314594467195
-0.17230499810671263
-0.17377450333303407
-0.1740870612681883
-0.17052426743354776
-0.17124771745878403
-0.17369408000989095
-0.17836069686212883
-0.1724299808613784
-0.17541707388901226
-0.17003198780704526
-0.17102972109304646
-0.17063770210942492
-0.1730187542503828
-0.17062636965997832
-0.17746336787735353
-0.17582103888876421
-0.17571197234859992
-0.17221250431526247
-0.1758665481141931
-0.17847683794660513
-0.1759348280721842
-0.17876923775747405
-0.17099641699189164
-0.1739561767192014
-0.17693288717070355
-0.17767108941303872
-0.17530057720789055
-0.17125089512150307
-0.17248358137405204
-0.17990645449921375
-0.17972581456159742
-0.17061933064529736
-0.1743488936256269
-0.17429852032571477
-0.17034949607574507
-0.1723260983483668
