-0.17065734329766485
-0.17861745534260753
-0.17048824189524697
-0.1743583627578315
-0.17065467295352976
-0.1732883363990171
-0.17045200238017372
-0.1703616554295202
-0.17821795506263222
-0.17960857571859892
-0.175106812581121
-0.1773111937676428
-0.17761181434310672
-0.17320695783628287
-0.1703372255360722
-0.17611728708045443
-0.17323695139402784
-0.17698226724903723
-0.17261466146291013
-0.1753838618401926
-0.17058013243897613
-0.17595284315443988
-0.17118064747065032
-0.17286582749382415
-0.1782212993468074
-0.17932924985859106
-0.17984415233851112
-0.17849145134273645
-0.17058743514609404
-0.17269062422021836
-0.1750699581162646
-0.17299728873971693
-0.17816430611991627
-0.17540111015723095
-0.17890024271198737
-0.17707282180672607
-0.17608618346579952
-0.1753461517303551
-0.17836310951259632
-0.16813534932802693
-0.16620445137606438
-0.17469928154611766
-0.17679143959401
-0.17859007988778816
-0.1740454759711384
-0.17674839230694567
-0.17455024158877944
-0.1765581750084686
-0.17580038169534323
-0.17481634325061934
-0.17999178761041248
-0.17522373051186035
-0.17752680002860147
-0.17000411476557212
-0.17837820686299843
-0.17427700517330616
-0.1737910936866933
-0.1748655757449505
-0.1742073225946118
-0.1714744427627671
-0.174391983789533
-0.17519129979832193
-0.1732023140435783
-0.17821383382291653
-0.16746523673795824
-0.15787392687404114
-0.12496356880590183
-0.1342353110800365
-0.15093884772120822
-0.16001603870359038
-0.1715397035220561
-0.15239990796205083
-0.1498712992034637
-0.17227824703520409
-0.17938555700793532
-0.16802594178878355
-0.171642402434116
-0.16998944207545574
-0.17786740276204338
-0.17565597851641693
-0.17117889029968983
-0.17463524042724546
-0.17664967748322546
-0.175854203409048
-0.17532650415971537
-0.17176932401001277
-0.17283555814664278
-0.17828387223339312
-0.178773857206265
-0.17115557993345598
-0.1713808147194767
-0.1581812838213501
-0.11653204896074472
-0.0820663205178968
-0.008782022210136528
-0.029896984609530226
-0.035446470517293764
-0.031878516265668184
-0.039689760318288934
-0.009220599288758626
-0.040269361753861255
-0.10232783537488135
-0.09307173928309233
-0.1456643608694082
-0.16825738078325067
-0.17841115152028694
-0.17826160405037278
-0.17937953599239664
-0.1732934113638865
-0.17416809858218746
-0.1730098533511263
-0.1718214565011797
-0.17310724081421797
-0.17114675004390137
-0.1729155953918324
-0.1759961315241503
-0.1594424481953518
-0.14969890751150375
-0.14969511341948255
-0.07248694749900754
-0.03698686027648649
0.10536864706404157
0.3679528319104195
0.3524869878105155
0.3634095387339343
0.4256628204348495
0.4926335729577934
0.6941260217549464
0.756183867479627
0.6597716373177901
0.5780195304393085
0.4258377349026909
0.226402814462421
-0.09830270898722887
-0.04758952730427134
-0.11485678543615294
-0.11637801841799268
-0.16131899460312463
-0.16993620241508467
-0.17146041983509494
-0.17411978662032676
-0.17342147435410502
-0.164071898554609
-0.17015755560747586
-0.0738832743294135
-0.19809021948955677
-0.16036860972989497
0.06898140658411958
-0.12031700985515721
-0.06319298406654322
0.3704882515587615
0.41619927001229945
0.2722689669730825
0.37577347384702936
0.4914079009449469
0.6603467522693349
0.9763175331861074
1.341086519240134
1.293005336543869
1.4658611701502444
1.1921951502338328
0.6367173810198699
0.43437219315488707
0.2756973879247687
-0.022488833541797516
-0.08591152796635919
-0.13348098992146729
-0.16188132929560692
-0.17067323712262647
-0.17903377174895052
-0.24915138223804162
-0.3592048084437253
-0.13537374609082922
-0.18537407572277048
-0.39466228253862573
-0.3104110419135788
-0.24193626745226382
0.01275238135749916
-0.34378601729172376
-0.7092152828912501
-0.7034707366664406
0.14737654885673349
0.04176033252920179
0.00851378665121977
-0.22940099141458645
-0.3527231231022075
0.06577015314628291
0.21120198968325377
-0.06365521482688187
0.010147219000194682
0.2669210674057384
0.4863283888299107
0.14108451783374598
-0.027295407939570325
-0.12283429277901069
-0.16984258495275015
-0.17921079329724177
-0.17639597912640415
-0.29013832877155993
-0.5540281758037582
0.07063221088991233
0.10270075226443076
-0.16298522203597143
-0.7589593140268825
-0.02999577070751834
-0.3670299997559378
-0.5019768351385787
-0.4584633476700113
-0.2405031364196682
-0.20985656906890351
0.4195278808474501
0.3783406740633121
0.02383983226138902
-0.21916980817435547
-0.5218565211801489
-0.07717359515151799
-0.5505166311380062
-0.5592454704764909
-0.2670794980918715
0.1872419139698675
0.3792323644143285
0.2835854499830634
-0.1070702873275472
-0.17150282723205323
-0.17685913046665422
-0.27155924442070656
-0.4240955553230528
-0.7808995285292973
-0.08798048224596476
-0.09889360461881634
-0.22654783082488592
-1.0745893912343005
-0.6458213772983448
-0.41108937742204177
-0.1263840545528926
-0.5349901748780516
-0.6206523279682581
0.06175644060481717
-0.13319465136259034
-0.6966155369891524
-0.4018438543276495
-0.4097978819449629
-0.632067388072398
-0.2804208431569743
-0.06259447590050721
0.2657273737244792
-0.6680953704995478
-0.34116930135172663
0.47080410052531324
0.39274589023955625
0.05802339380042184
-0.1541006102070685
-0.1810663987038214
-0.3312415807787312
-0.47340873204243156
-0.8112777926592973
-0.5698931027015637
-0.2929700228320579
0.2642993249374571
-0.18055318139186205
-0.5574819122246174
-0.4453471558477795
0.17399287493718707
-0.21493555565410163
-1.0308690723254477
-0.6542933929977989
-0.5062927153613859
-0.3314532696983546
-0.4815088868558408
-1.0805722632856383
-0.16384485670887028
-0.21796150440749937
-0.22797647706054358
-0.0594987832594065
-0.4869164611802342
0.0190096042780298
0.496445926285928
0.331962002277238
0.012284136421570955
-0.20289045946627876
-0.1816177622656315
-0.29031421608065044
-0.5441769671153498
-0.5855749632751014
-0.7159677526753827
-0.7904727738913702
-0.14628704817869342
-0.024928851389238477
0.1632234717353088
-0.05585671416917394
-0.12822272577495747
0.11927499602749289
0.31417747289716386
-0.7552668847995465
-0.2828914578318128
-0.6772296494084349
-1.3117205554408717
-0.5705087346297107
-0.44206910157573476
-0.5244523667290715
-0.8752284250022346
-0.45688469723117275
-0.7066929814810256
0.1353858822835525
0.26167606521710957
-0.026394961316001483
-0.051700836864037064
-0.1948690968996331
-0.17370529519988798
-0.3206321829610072
-0.8462558063561542
-0.7340934921886735
-0.5817890925803793
-0.1830895110889533
0.30857685877625474
0.1108436857918393
0.26352338071282017
-0.12798337130697207
-0.3139146188359763
-0.2446711257636946
0.27957794902923316
-0.676997334098614
-0.15219558917201714
-0.5803418198470728
-0.3243625941722663
-0.2050516622911874
-0.787547420332803
-0.30330760683169256
-0.6750652414773876
-0.10415750973872533
-0.26324187001810384
0.345618314321678
0.279745750906172
0.07866884884252377
-0.0038528254111886047
-0.18260782851274635
-0.17831180259409365
-0.26669653621456246
-0.7367676510981752
-0.9789528413479288
-0.8490817455332783
-0.06454880421086083
0.3949525617672688
-0.2062301595635415
-0.5850468540583635
0.5965167686462413
0.6519007915363417
-0.05419700603855932
0.6130158801865854
1.1727963783359026
0.6929344329314442
-0.5326943440136248
-0.6266553649190223
-0.5749976587849426
-0.2677221439416811
0.48915740694045934
0.1474259973561867
0.016091867135385785
-0.06566706763403742
0.6877254452948469
0.25636181226144744
-0.20561275809784318
-0.18139558632750963
-0.20608218733593997
-0.17076928448684944
-0.2249711075907756
-0.5520453803244039
-0.8216738339665768
-0.6195445028164616
-0.07434030514554409
-0.154644728392269
0.3485638574894238
0.3346010152184899
0.5046827804679663
0.30065844767031064
0.5378336518409157
1.4287436385476127
2.2748973722349577
1.3958987873458983
-0.09405833572378054
-0.15060431685931833
-0.10624136864978137
0.38530447646900073
0.7417237633678551
-0.19090612286849118
-0.0388954293863592
0.09551558714507562
0.3434422422932766
-0.012987300679870134
-0.2506424201530183
-0.18104439103488676
-0.17018928671681732
-0.1757369833901356
-0.20351098827349864
-0.43335979425942295
-0.6151645271354811
-0.1535671317263473
0.20855024910062525
0.46483832506958006
0.5738769199495518
0.45738123695802413
0.7522835053798975
0.4385718193206556
0.6583526573263795
0.9865229467490985
1.380328323605136
0.6334409362862091
0.541814827562295
-0.0365683660052628
-0.033772484360745376
-0.320972308386816
-1.1161246843839785
-0.5925599756262938
-0.10744581415579185
-0.5233721165964456
-0.24082730481216014
0.179012920577008
-0.20677436147782766
-0.15607724192934375
-0.17078462189415383
-0.17716814206795536
-0.17908908696305548
-0.24869453504351358
-0.38466050363283594
-0.0029837349162897334
0.45669018450387266
0.4930038744953209
0.6498150471642927
0.7849494273326835
0.5166098372276428
0.5416743804217852
0.9628883808378823
0.6165629269012476
0.9534378166470775
0.5942123460293743
-0.30208970503965177
0.40262131677978974
-1.0218479194732077
-0.6064739541559592
-0.5398038024734645
-0.6315781014246015
-0.8646466757358761
-0.7127535975834356
-0.4193176492904019
0.11453951829532756
0.0925091101632497
-0.1282054649710207
-0.17259245159197445
-0.17309872586525576
-0.1792507015193377
-0.15709687957905205
-0.07748042169347902
-0.17656628396279353
0.2690775521861017
0.38476227965146353
0.08870400703093122
0.21931490671259013
0.2055171476907219
0.781514590826808
1.3254827225330772
0.4616032564767822
0.3235184045036534
0.5981509923129713
-0.1492294956319951
0.3284298379648705
-0.5410998186765826
0.08394018868971519
-0.35390407454118933
-0.6936161406208969
-0.6273797985491466
0.0514567277509288
-0.057207938244355445
0.12481959249336867
0.17627831316251025
-0.10778594327827565
-0.15867880252240918
-0.1710209367897942
-0.17986058956438172
-0.17637670889042556
-0.06312712425760729
-0.09803980566746313
0.06695197769365381
0.5179567169942989
0.32746619445879893
0.4858805156832199
0.5774830991021386
1.0877266368700664
0.46450505277860676
0.11803321029747324
0.15529520444205291
0.03668914062625371
-0.11599936502430368
0.0322482802089376
-0.006322647453999785
-0.43947083101463313
0.004900562799112755
0.16380209296493994
0.0886968123756052
0.12358955938936438
0.30695277525756814
0.12414193749212858
0.07838844002730692
-0.12724693994329025
-0.13673530468695366
-0.17310132445992468
-0.17116385582858556
-0.17601178589710673
-0.08976617567358403
0.09620894410172441
0.4901853054025886
1.0875197341244571
0.4825696835272592
0.6110429536040853
0.7833789666285556
0.872630518859406
0.43173819150181464
0.4168386769229946
-0.3663268696350619
0.23023600129866792
0.33163226800390566
0.7799643783211407
0.05340466178984606
-0.15007459638792467
0.26101842517804635
0.528467056021741
0.3383336006307901
0.4690406598646396
0.6411911227392294
0.3020968177193216
-0.13880064138784928
-0.22245734944615878
-0.173538833346683
-0.17486178901037325
-0.21308269023310336
-0.1947314779306941
-0.06103561551417718
0.024854625341370614
0.6406476945755851
1.03837990488559
1.246312001322594
0.5538512268884235
0.4393807970425879
0.5829476381454102
0.29485379830331554
-0.08255567648822622
-0.1375539054740402
-0.14248192077290925
0.14071082013981867
0.8311513708980411
0.41584110192665613
0.8752768748065224
0.38247179583436247
0.4962546375392275
0.788664372223302
0.8137152438089715
0.5775365575549085
0.10261148306839249
-0.06449888459383699
-0.17017488889666108
-0.17370472454043223
-0.17576963038930726
-0.1789842014936899
-0.15800110175531157
0.09308566221559729
0.3151531318601049
0.6116656739657601
1.1058697945449751
1.4163282854907044
0.8446846078141567
0.5401663624437003
0.5669263241933293
0.49977532521611234
-0.05444090401968979
0.36770363130327505
-0.07761917024022849
0.2030871781876159
0.9555233920851417
0.8574041527274846
0.9103866410218832
0.9366213087278522
0.9988326590532036
1.0672719361492866
1.0655381277799258
0.5324963234009735
-0.019839138744672823
-0.17621610052093484
-0.17164259933977102
-0.17153428163750753
-0.1787349191603959
-0.1788332442903606
-0.09753474021870473
0.22035108472051104
0.498334291527995
0.7134597637897072
0.8550971871183705
1.1168614228361695
0.4554157503333942
0.460137275353673
0.29432244614297304
0.48450477237026013
0.4742931372602598
0.502772390864602
0.37246156599232894
0.42868649985000573
0.25106246533917304
0.8413801620237628
0.5805589708973026
1.1422205941497043
0.9748067738005046
1.035626846558538
0.9064120852439799
0.45384639877881344
-0.048457972623184215
-0.18871438635217969
-0.16968861068275143
-0.17627233353726607
-0.17426043864874005
-0.17027254720013307
0.008033123785283256
0.3119999397854954
0.6476758544739818
0.4231529791246993
0.4943358543785039
0.23320642500357638
0.06004969826074308
0.12359829549881271
0.15930275996367518
0.4938040955254098
-0.12225998697430678
0.3070155027128161
0.18959818630976763
0.06994837584382166
0.08492126650535005
0.5577593489344718
0.47177559202052366
0.7201234795013493
0.9991057459918125
0.9747431565175888
0.8019688324863603
0.47081748913663723
-0.023525829547216034
-0.12850321353596855
-0.17371356967478904
-0.17088874739010038
-0.1720489249924208
-0.1739859070094415
-0.0024418949781162165
0.26681700038221445
0.19021235377398382
-0.06381433950660995
-0.46810838636682495
-0.43431419929539844
0.683081318011411
0.19453937180596664
0.06674669203824596
0.787026174062925
0.7103412697306601
0.41081920834885743
0.47711765758221647
0.1037216630733431
-0.1247409008545012
0.18097462603583964
0.6732311379573535
0.7292794245017781
0.8107620503928499
0.8240951236283234
0.6944202603225272
0.5346359259849717
0.021120908890316273
-0.12031236197551189
-0.17058619849565085
-0.17904961434118985
-0.17608743824914355
-0.17738499170490743
-0.028194277811044853
-0.04376242298947952
-0.23615450121547604
-0.6774590196968819
-0.8455626208537763
-0.24410039905771125
0.05840004927558662
0.41223362116742024
0.05249820563221865
0.23440339414428055
0.2567688120993704
-0.3768079773289726
-0.09280650010119212
-0.14718882978004302
-0.018463265245361453
0.00793766904314566
0.5286244923375409
0.1457027634421298
0.17895387542686736
0.32795181782305827
0.33191920881406983
0.34562408206824347
-0.013904382394728765
-0.16143473684027204
-0.17453366817035276
-0.17307284594665762
-0.17318768822961986
-0.1764516994479255
-0.1586028840602356
-0.24340270584185164
-0.34148450735184527
-0.28388166308070617
-0.1221205059821036
-0.21884354806422945
-0.39233174748334626
-0.562458803921543
-0.43684265590153426
-0.8181288448313287
-0.8146177639742618
-0.41274634075452415
-0.013766464187841014
0.013513960381452531
-0.014070062404519851
-0.544011024982253
-0.2166754984551572
-0.0014455767438635303
0.370297727394037
0.09880277640772135
-0.0523129174505841
0.012732460176147995
-0.1344951205313354
-0.1753553367281243
-0.17855100852057118
-0.17207503093798523
-0.17123261858319438
-0.17476014916725796
-0.17849442125819084
-0.17484627253117632
-0.06901337636093992
-0.003974060958655948
0.08267176452102684
-0.0935403111511413
-0.0813509721757093
-0.33579736718287934
-0.19782252038014805
-0.0651670742688261
0.027896041560360033
-0.3917362204229574
-0.35773229071151263
-0.6420320089238231
-0.567676472860085
-0.4569360372763715
-0.5314543539990975
-0.2116885583400256
0.09268165796004209
-0.11563079211129552
-0.2697302700648562
-0.1182595362101022
-0.17573288621962999
-0.17551742870324005
-0.17585871416495347
-0.17974100720549915
-0.1719635397281837
-0.17305995620246858
-0.17189894328393213
-0.17567958507404477
-0.1774023806930784
-0.18765766102975506
-0.20888632616688285
-0.1990396541964493
-0.1925682301982906
-0.16260180342683844
-0.42408216179198555
-0.1724842218398605
-0.2773136667921507
-0.6168735707665787
-0.49339033804764
-0.5410348820365627
-0.5748881057737331
-0.576102952006333
-0.6020574959967401
-0.39595661098728013
-0.2530041118336275
-0.31462924887860394
-0.33351359423576
-0.21433968869676645
-0.17366750191400285
-0.17079485371147804
-0.17909828857342255
-0.17918471981882525
-0.17330682763385571
