-0.1319333046178606
-0.1353965232848524
-0.13187672589308383
-0.13969790411955862
-0.1321765874010424
-0.13724867627973578
-0.13370178208858696
-0.13786580596156464
-0.13614632210869465
-0.13767711479362907
-0.13704408986865624
-0.13478255563848643
-0.13057361099971163
-0.13188403969876802
-0.13661249869761657
-0.13584989843222542
-0.1346579774183036
-0.13194858251146896
-0.13032648044103315
-0.13287324657270183
-0.1336250709972192
-0.1362371786374521
-0.13108748219048838
-0.13284609480920284
-0.13231877266342223
-0.130487363758139
-0.13821953741844487
-0.13530223588495877
-0.13198168966749002
-0.13595286887851088
-0.13727511647985208
-0.13303283556508
-0.13438389298433095
-0.13061313037031907
-0.13650181119371924
-0.13137538817105984
-0.08374134194985364
-0.08715501965663877
-0.13696431914920576
-0.13001629757990849
-0.11846198778787308
-0.09583660131517417
-0.09064374651361576
-0.10317104242026788
-0.126335710791115
-0.11430477420389318
-0.12471404524694078
-0.10182149393635727
-0.11536363542799237
-0.13447055283093767
-0.136701863883101
-0.13245775501646107
-0.13192454681590793
-0.13747102651941928
-0.13201831426305358
-0.13872720222178492
-0.13075405839993426
-0.13215393857567395
-0.13299731548893642
-0.1307126896265335
-0.13444229315159847
-0.13099757973197612
-0.13567357862515586
-0.1335588457887003
-0.09603426065188027
-0.07055274818158717
-0.06657406659973102
-0.08201654050705906
-0.019667326541842153
0.12471354090337453
0.10294552917131926
0.16895635287484964
0.24076249587439078
0.17905758082163106
0.18936216592382837
0.2591540232575695
0.08340416795835501
-0.030956113680385512
-0.10642553162812413
-0.1242931585511854
-0.07779667173371337
-0.09452366724366913
-0.13161809437981856
-0.13432380923560575
-0.13319644202425865
-0.1393489219625141
-0.13536750564734407
-0.1283704306439191
-0.13998904195161427
-0.1330589009717237
-0.12128958720435158
-0.11108512294113518
-0.028259031353436312
0.0584709103880033
0.18418164377210602
0.2992871950083041
0.4816153931835785
0.7483777371876693
1.2718945711214407
0.9500921895128516
0.6278411027329247
0.6616860203398082
0.7274081013696729
0.7261618201593252
0.28622887161870836
-0.139972032861308
-0.2935900291275469
-0.3191088855152741
-0.15603402873171368
-0.1078525142134765
-0.12652126379560155
-0.1394586787204906
-0.13278402642516116
-0.13349529729200468
-0.14490470779254766
-0.13316874132414264
-0.1137849303745822
-0.08476427668063795
-0.015384206373839445
-0.15658643015364818
-0.06636134883135118
0.020962458608716646
-0.11204204815854979
0.05435644593280114
-0.15606137055675906
-0.005450991012954671
-0.0818162961097496
-0.082853429464636
-0.01344799713289375
0.31447214706926785
0.3485518408824826
0.2258582795369335
0.12760938110601477
0.1833667764134788
0.40735648397863167
0.07913451426937199
-0.3024616172144185
-0.23328102306393433
-0.2367445694634438
-0.16162061045722842
-0.13368997304361327
-0.13793967042476007
-0.13893834187734516
-0.0745573207682853
-0.0012384424098809861
0.0609951222369452
0.11672950758216931
-0.08223050391894333
0.4923485277199412
0.31430008517006
0.8488672093045014
-0.07362372717099974
-0.30148130432302117
-0.07790392978934038
-0.41180346094823456
0.009900754105569282
-0.27020238444962286
-0.6218072331372619
0.04376238882043185
-0.24313110547939115
0.1751993525940213
-0.29353513869303444
0.35478171300589084
0.45838217589980584
0.27864710817692645
-0.21356704125630122
-0.16442266938970904
-0.1393450729307598
-0.1303511554504435
-0.13298333398681514
-0.13608940331610206
0.01698743928901891
0.1799732809234594
0.16621028632917886
0.2533452364522219
0.6595725158514021
0.478825566055717
0.0232624158241328
0.19643483079622487
0.20994176402674736
-0.5980880893302135
-0.4709061149686943
0.12431286281730122
-0.7156856125828329
-0.2926425098091131
-0.23403214216558005
0.46124550704953493
-0.3622472520083729
0.25330983400294205
-0.026776340055608458
-0.15835182536027875
0.34418885075414235
0.34304426394064813
-0.04058227045532623
0.05428094350072419
-0.14915150675605182
-0.13960934341126044
-0.12065627666643496
-0.11907655425759918
0.08987489993055603
0.2771650447986732
0.24775671606256533
0.41733556060046606
0.29272752700890164
-0.5495728975988916
0.05816437574824104
-0.0808714477399658
0.21134160612635727
0.8167169189589687
0.1648494398549724
0.7648118689492395
-0.7101161609322334
0.2763634806661902
0.3385291933926094
-0.1509817692909012
0.659092185111059
0.10742444085304108
-0.175692389320624
0.18199874154453663
-0.395886492109561
-0.3677172765554131
0.3518931967852155
0.12405784970183939
-0.17543040254886613
-0.13223721701462032
-0.10132439297716732
-0.12076633166255114
0.1842113325706625
0.12764185947045276
-0.09892114154973818
-0.07618931713647467
-0.5857825978934423
0.35599189372548345
-0.34042051856582334
-0.4253894034195548
-0.22543409549818647
-0.8886727555397378
-0.7633997636137068
0.39807044830681587
0.1585817353148062
-0.40945780259199605
0.46326203206165273
0.08772830797237223
-0.731338466008367
-0.3210367841326544
-0.3749485924864521
0.04403308224235833
-0.26754205655854646
-0.5005841048203223
0.43666187328762296
-0.06876101971068037
-0.2414162970894952
-0.13510196099594227
-0.1042289467310936
-0.010188488740737233
0.34889911431862464
0.26649342554538563
-0.021168301792214184
-0.1208963551812114
-0.4625027556991113
-0.27618938066384313
-0.7464461194652592
0.2575089607495192
-0.3835962409191384
0.023840512396627895
0.060598762768352854
0.32221614784568037
1.255233129694261
0.47373439562372865
-0.47428122765928904
0.22438985820170584
0.009648909148696093
0.09357202725925313
-0.26020780370326907
-0.6464231596335457
-0.541556729992326
-0.19904830699325712
0.40830434921489783
-0.1881067217073491
-0.08481607855284803
-0.1324750436370158
-0.11884414392196695
0.005383486409277478
0.5439101830364568
-5.289190522255946E-5
0.17230967913337228
-0.45514847888128385
-0.24482325500692365
-0.22160526158871566
-0.5860227890943248
-0.8356813511925141
-0.5880192585640265
-0.6443620914177074
-0.10609231963955296
0.2854626900518644
1.0457455872829766
0.4264500077831658
-0.05491961675354135
-0.0713244422505634
-0.7504067926271998
-0.05455742847656742
-0.968666731369804
-0.7959142567121463
-0.8401106926162278
0.07397020653977562
0.5197236402851925
-0.029319849092316733
-0.17227048887755347
-0.13506514596962158
-0.11823405099501914
0.029348062712387747
0.30317692059332024
0.25244266971198615
-0.44530347820809324
-0.751662437029832
-0.7142380190880062
-0.808786855073705
-0.3702871730054218
-0.932111085301537
-0.34271202548883634
-0.7850422404004479
-1.3949999686373695
-0.5362510088713212
0.17135000943027434
0.5236344570417573
0.28093722790359504
-0.18128095604537
-0.10523974115122467
0.07442689563214008
0.029052138619852026
-0.7776747469593279
-0.783938251183133
-0.9744866086673042
-0.21222776700582155
-0.2613821855245004
-0.13794378102847238
-0.1382320669681352
-0.13680582369204786
-0.05903939098286317
0.02610180743891389
-0.05625083730687252
-0.9278807754900692
-0.9030597074759403
-0.38332291719057154
-0.17145451516708393
-0.5105596215456822
0.2741617950102324
0.05371219929124511
-0.5165091794489238
-0.6066763141764192
-0.5688619568179354
-0.4044266744918608
-0.2777305384322526
-0.4011264045195557
0.1468428955620765
-0.576137188267909
-0.3564707575462643
-0.7664383135174242
-0.723986907790365
-0.8312822620759838
-0.6417684180993967
-0.26378233219825364
-0.194101349727903
-0.10924057337057369
-0.13653278495669238
-0.13561972305497297
-0.13240294256240606
-0.029361258472963087
0.22488704956562047
0.09381302298920743
-0.18506650971811228
0.22723654258673068
-0.08464382465879869
-0.24977870065098962
0.5367337284643482
-0.8163178221335536
-0.9523780669140123
-1.0125916695486978
0.2589451727704457
-0.8022604969077674
-0.4636392662828985
0.4089051757936618
-0.01170368491090903
0.33295607693949236
-0.6751649837921542
-0.2537895341969596
0.1564579554523378
0.26778670759773465
0.23468857129207468
-0.11825268457974221
-0.1801568705005292
-0.13011650426506377
-0.13025672454911716
-0.1311983033587272
-0.1316056219435353
-0.03928555138280739
0.2502684003642338
0.33546017228527075
1.167976258438704
1.3012395004419173
1.031310348619392
0.8243663434583005
0.6163374530639928
-1.1044832775081512
-0.21054720407983554
-0.6677020892469063
-0.7785577133520085
0.639518950360035
-0.4611359885911257
-0.2747131952500786
0.14768801903243292
0.28181784976219393
0.16105211809500392
0.1871653379260095
0.8462788392485385
1.00251115945973
0.7319392760106165
-0.004958601859947429
-0.09035642805940522
-0.13669994306174174
-0.130925627960694
-0.13387155210305274
-0.12679713252333524
-0.0485621035670359
0.16918764528473598
0.7856795953113799
1.2921503812665904
0.5039571888683495
0.737653694528162
0.02416588999112798
0.07130915660916252
-0.42821429907916697
-0.1830716512621276
-1.1147419230785958
-0.8390094957000456
0.12133984097551899
-0.28984984063453767
0.7247359577774953
0.13005928833153166
0.366326230542445
0.7527311131107953
0.8606308370460695
0.30948883791357495
0.6000062168483054
0.8220016275266789
0.12195919450961755
-0.07297830488892307
-0.1369365369499859
-0.136864293007614
-0.13498402180357247
-0.1075471988332054
-0.05161678139994208
0.24670249103076786
0.8637755282600846
0.4395587263695793
-0.03932010329769652
0.2937801654305027
0.18120301371825645
-0.10362119160604856
-0.4362773388890493
-0.8721962342255487
-0.6590259318782694
0.0062154796524105035
0.07902449437693658
-0.6724276565891656
0.49192135910189944
0.8908910651646782
0.27927868671609307
0.07730937822192756
0.6348270281553695
0.6081827897847837
-0.2906482287217504
0.6103727849154467
0.43825343380026976
-0.034062953650036025
-0.13464794281716258
-0.13689180055521724
-0.13293095653566492
-0.12903832571715762
0.01465869310666533
0.27992159512588777
0.523593452082326
0.37360714611306134
-0.29663338678425394
-0.3782813650520769
-0.8018113593896988
0.22952320177863478
-0.5518182747991566
-0.8258364241245897
-0.5708862471618088
-0.1771520410397944
0.23911377746541507
-0.2580538948165929
0.7123417565107844
0.3034244105151631
0.5083810893662458
-0.011001567830168384
0.4582985688276653
0.2519562903333223
-0.3570617701284726
0.06684787545007244
0.612756025463576
-0.009119872858836484
-0.13993719021759335
-0.13993871337813296
-0.1398654593361952
-0.11211194159092308
0.20102024281091746
0.5122134088232514
0.21822984735308726
0.11619249193977815
-0.5602893025468508
-0.24526321792891226
-0.6604036953593924
-0.6102798311156071
-0.7771584695547304
-0.9362805899530295
-0.30146386572799755
0.5541850972350909
-0.034203496337856194
0.5207963249705594
0.48860469431922743
0.030809328409219454
0.08638225324972942
0.06216381328428583
0.6631582766088575
-0.3020152799835236
0.1241600008576707
0.6154107662158235
0.7297233372281824
-0.04232784846017643
-0.09498161114315504
-0.13096408337384707
-0.13740040243538568
-0.1057122441504969
0.3531683951444011
0.5345947385905849
-0.0926405765481023
0.006503075223850361
0.3116867158812366
-0.13219268763866296
-1.1382277279766835
-0.805055472160123
0.1670017342677512
-0.06530230315088953
0.8012246192942107
0.4881191449248254
-0.19702710355708705
-0.34728938203395765
0.08174619166950792
0.3355672052443894
0.24296979004944122
0.09484101187267127
0.31676308321011415
-0.5617322089637702
-0.2088591142875158
0.7504886972976258
0.5079323780142913
-0.053162353897975224
-0.12245958489927213
-0.13892697062134104
-0.1375797970151648
-0.12165843827108085
0.38462189817840825
0.6954500016463182
0.05123633247413983
0.17535814883788792
-0.28146612829058854
0.01127870138472939
0.48047861778151
-0.3172503402751602
0.38629488437393994
-0.06470688406376604
0.03447160614867349
0.6096626070356757
-0.021856475488673685
0.28190981609459126
0.597590048306751
0.07079416586642501
0.3882924351566189
0.14425182548284415
-0.060862390606188164
-0.11406306762577162
0.2431589636933327
0.8037096907256773
0.22300400740110335
-0.05491488564954756
-0.13586534545595672
-0.13076053026824358
-0.1306970771862862
-0.13118866002476837
0.22373822343277677
0.7074787441330113
-0.04539769391123312
0.24730308703392404
-0.36332998443169995
0.2066223365385376
-0.08553716576562163
0.014381203773515202
0.598693402159379
0.25240775500131113
-0.03265172984163677
0.608304271448855
0.41919436946598526
0.15112439126156565
0.18275942679970986
0.40397593689016825
0.02642065763135263
0.1365154206984232
0.40388703559859856
-0.0033096192858841043
0.671148690473741
0.49521857943192654
0.0718250929846471
-0.09971641178446265
-0.13171797747156064
-0.13630258848551213
-0.13215298683518076
-0.12220083771730154
0.007080451813286365
0.6694285714874351
0.16697113873634611
-0.47104154884054567
0.18947197590370982
0.11286471252241843
0.17238280876549408
-0.41752681298862915
-0.3559072565697434
-0.47808420404514823
-0.4826254930577044
-0.5677982710597852
0.03580366665511735
0.20930590211632633
0.1261763626459281
0.010444998506493199
0.4784856378196293
0.740422684740113
0.004748989499414685
0.31499157324428884
0.3902124276328469
0.05024135144413255
-0.0052496835061737225
-0.03789191905010721
-0.13649981329890734
-0.13295498245911727
-0.13647349148916696
-0.12250824614489213
-0.0159806772636766
0.6153902688227931
1.211957426765685
0.18196270418714247
0.6832813189142525
0.16876703674868362
0.14893679421218506
-0.1519004065396613
-0.2989143005287531
-0.3769912278129192
-1.4343234889750172
-0.550003700757723
-0.9229711503748146
-0.24755209677722323
-0.6241262131844332
-0.12139640254087612
-0.23584361371038765
-0.5669761669311233
0.01601011314858613
0.21344428779842758
-0.1589000746562201
0.0020363022280362082
-0.06712173328450333
-0.06171603375523655
-0.1351245457547531
-0.13547480394528755
-0.13784836934222694
-0.13541682425514162
-0.05130121543496208
0.29625078990019393
0.7024975881485195
0.6018577888324006
0.3202819833040967
-0.2759559580072972
-0.0890574201444443
0.18023712673529046
-0.3845534303717147
-0.0012816245674797753
-0.07786366574824122
0.3711021058281329
-0.4890635805663516
-0.4972371527080197
0.25162107483757046
-0.6076050758801385
-1.1121407747967222
-0.3003479325783908
-0.010223583807218948
0.2554291931307035
0.08291633617925351
-0.019836357242697993
-0.10325701717016016
-0.12993047891108403
-0.13907181746231242
-0.13574404222609135
-0.13310387844101043
-0.13810569106115475
-0.11506977385777113
0.0603179473114747
0.2810905545068641
0.4259343361104681
0.5680867639310283
0.7972326872467568
1.0342019276791388
0.47808672790635726
0.5408077423457311
0.6858353800198994
0.739157835698891
-0.10454326651368276
0.1538158310667549
0.19436618191115693
0.07954180052787808
0.49012940164154967
0.22334050696215682
0.11251736950718573
0.002498248197153361
-0.03497636994965373
-0.07886760304989124
-0.1269160826564268
-0.13656267518087323
-0.13803643661100645
-0.13103279841985194
-0.1396199815413651
-0.1348881182675325
-0.13594582407580072
-0.13682449142234576
-0.02089114757379263
0.04268181738642713
0.17298674865130345
0.11976725070079217
0.35215136619866283
0.8051970979146026
0.8866336665616199
0.7906821399173813
0.7332033285552085
0.6429515737500648
0.502397022486795
0.5230999510135701
0.4906914217328982
0.3353067357645292
0.23262441823593458
0.2116850481175598
0.07580135221072487
-0.1139265236112473
-0.12337438844954375
-0.13988193530551907
-0.13365782800101375
-0.13392334229863895
-0.13176125428833244
-0.13134329246909165
-0.13303706994321207
-0.13002545125489742
-0.13769123118185297
-0.13621315419350571
-0.13789308390670652
-0.13892327500708454
-0.13700944150598304
-0.13258833493544747
-0.11841587362779508
-0.11153351356446217
-0.03425030296601569
-0.05940169741810895
-0.02023583049125314
0.026599005794086722
0.02710875100514723
-0.09020464721258822
-0.13448779883934345
-0.09614846785499344
0.00655665495011319
-0.07023147191766126
-0.12202764475112744
-0.1324392469943398
-0.13572991828772765
-0.13119496498865701
-0.1304220721959281
-0.1302031533230416
-0.13027820456965644
-0.1378724912581721
-0.13203858283345837
