-0.26048657589862706
-0.26514763407497965
-0.2692996620850532
-0.268668294329922
-0.2685558685569547
-0.2630162779915799
-0.2659225189589118
-0.268823604971088
-0.26463334230324387
-0.2638853097361477
-0.26060390143056533
-0.26977894453290446
-0.2228767744978805
-0.1799283498944572
-0.26966095510267224
-0.2687913905071651
-0.2657109383450772
-0.26920040160883973
-0.2682461988349148
-0.2621411429636544
-0.2656969003788074
-0.26632584638805723
-0.2660996753039327
-0.2677381798430418
-0.26980134772478487
-0.2674948714714046
-0.2670336969261084
-0.2650957665904893
-0.262223580265308
-0.2604656899553157
-0.26003318364315603
-0.2608541150224285
-0.2640089265028508
-0.2688548193535705
-0.2615635703352854
-0.26248083435903974
-0.26287713264691304
-0.26591714957417895
-0.24933945687173426
-0.241395880411917
-0.1757678396637979
-0.18925193963024
-0.25957742834442676
-0.21599882928989664
-0.1914349634204383
-0.23077318953814047
-0.22742011459000228
-0.17581745744768953
-0.24418408162601452
-0.20820597724555842
-0.2041285277159322
-0.26436643827190887
-0.2641496677064391
-0.26762803887476233
-0.2618548212950385
-0.2691270024965693
-0.2602345395902666
-0.2651681362501486
-0.262151407539014
-0.26139147432620824
-0.2600410395340629
-0.2641348602359747
-0.2563154209495197
-0.24550186622322623
-0.24481222003397435
-0.24307167490654763
-0.18758238395321297
-0.12036683979666
-0.0521403273806869
-0.07212406495545534
-0.03240294161168186
0.04428662336208304
0.11308931280674472
0.061513885619193
0.0035559508004990616
-0.026141977120485015
-0.1973180176721741
-0.21229222911956563
-0.1613353236443256
-0.2266090890754692
-0.2506035010280172
-0.25433109733421233
-0.2616304462907456
-0.26784990115238555
-0.26664995474385944
-0.2623833332961885
-0.24950195610534492
-0.26124334089166096
-0.26901366332784205
-0.26550789198602975
-0.26874724104215536
-0.23817967347227914
-0.1586785690426412
-0.15385267732065377
-0.09022463186950448
0.03350794916256816
0.11405153128730705
0.12543856026223935
0.47080545767392545
0.4520040580127594
0.5030446033690333
0.52053540074211
0.39180801002212606
0.3423750465342746
0.034350331311723714
-0.10441721711016388
-0.18304277139367148
-0.1797052078696403
-0.23694715010651674
-0.2520888629476573
-0.26657372429395826
-0.2641025793667827
-0.26237356335703593
-0.2614822828324334
-0.2682225637906618
-0.2621508368635545
-0.26575034700624883
-0.25449978331088063
-0.249771819241555
-0.11397313482969493
0.007298091035763623
0.18457071241602646
0.37732285525512554
0.593896856555395
0.7268718706737958
0.8545570458035243
1.4071456903006478
1.3049614495013135
1.3797605686178733
1.267302084211084
0.8592763481766189
0.5968930415622375
0.39117591309598077
0.22859890114742087
0.17668489958839395
-0.034066814672877796
-0.23248118747239538
-0.2673854800029359
-0.26009537373314306
-0.26061575106860724
-0.26186279039392113
-0.26985331934272105
-0.26257788944485655
-0.25702378231203926
-0.20183889828473298
-0.002188586261246569
0.22248077653324275
0.45992332174749356
0.4009532475092581
0.42973681336595293
0.6603083452206188
-0.09911137864821276
-0.09470753338482862
-0.276538180727247
0.33083684001118857
0.5472416230282778
1.512836551349823
1.1859394637140819
1.2096975872267086
1.2071401012088936
0.876556374777598
0.881351282024499
1.1393489873472422
0.6899160881648209
0.12280946242589064
-0.2101465294855955
-0.24768204352896167
-0.26802210452928166
-0.26499933666403647
-0.2690747423111991
-0.2604500118966119
-0.14288814621565302
0.06532041310007781
0.4336170804131236
0.8331207185510532
1.1691694493561289
0.9583868269633207
0.45050437567754126
0.5855930881454561
-0.25626390559697737
-0.38521428697844246
-1.1000068540433607
-0.8973815111599387
-0.4426207375651272
-1.0486935181477794
-0.7647727199149326
-0.7212183987268742
-0.1909456172393648
-0.45871168967371195
0.5097247143546794
0.9363141990533188
1.1221282783275528
0.7355080355680975
0.1975885364262058
-0.17439598732568792
-0.264228127457995
-0.26783500714347097
-0.23469208713583123
-0.243854083690708
-0.08729423201680483
0.42763071627118665
1.1745469461561937
1.1482928248357667
1.2958266984785545
0.5965958457799851
0.35738785953922086
0.1528431935607591
0.0022761950408151845
-0.5933294385019787
-1.0070262784865682
-1.3651628621427383
-1.2763177917277262
-1.8805627646092
-0.4109676524103693
0.33662984956895803
0.2893353262103976
0.18219904605679665
0.03139624896537079
0.8443887632057183
0.9011105143829428
0.9861768415792171
0.4788145234072691
-0.08336055618304507
-0.264359569420588
-0.2562430067144124
-0.16738917949204782
-0.08828264493688084
0.19886182690821466
0.6526441636017227
1.0942534243723636
0.8475175625318272
0.7383962795999335
0.23591503336609174
0.5513357438715756
0.2631445520750296
0.7475846063317836
0.41302169121274696
-0.5029269915117087
-0.9054620372315578
-0.711962522137449
-0.3049885124350285
0.015301741711481397
-0.3030344437552348
0.29043020791399293
0.14843722185587552
-0.436857734713905
0.5772949266895863
0.8269378574357786
0.5977256152436778
0.3148334045961622
-0.02813342722086646
-0.252351764273275
-0.26390571686126824
-0.11161942778486617
-9.168123116406086E-4
0.19283844634318367
1.1415559179180244
0.9771029207777506
-0.07512405157117806
0.43911608299842275
0.4346132961431267
0.14056931606821632
-0.05410947523277912
0.2597561150912449
0.194518304646765
0.43212945443243467
-0.36495629090354764
-0.7696166137982537
0.7411678896988916
0.44488335460194117
-0.050964043137826265
0.6210467651334312
0.023761264681553297
0.505234807790169
0.3102892921344883
0.7659199648320849
0.8885007699767674
0.3558872608850683
-0.10526842805439063
-0.18577169859353038
-0.2648616628403413
-0.11150067120938911
0.055867078227309845
0.23238327148208976
0.8680506075727732
0.28520208291971116
-0.4227520165674411
0.49519803631940507
-0.188153206977267
-0.0945614991505432
-0.2702085219045416
-0.8388570558591629
0.3223919986390468
0.37639147973162285
-0.18082286492782704
0.9239791788720974
0.234349289754611
0.08036574775634088
0.09404372696748473
0.08015299207193227
0.27218074468443343
0.3560572826582091
0.03674695687689582
0.5534153715739302
1.1904128996236218
0.34056384771982967
0.014804106343227043
-0.15780647780914694
-0.2634483929453159
-0.06716940169539062
0.21162276728293525
0.5830459657451292
0.4524822755243107
-0.2720342142899251
-0.253213356291838
-0.21311373460547373
-0.873505889005715
-0.38598679467900626
-0.6565559559487517
-0.27318370689269694
0.08720174882549081
0.34350665640873473
0.4827435409969533
-0.24502360520550917
-0.31402291223370876
-0.3575622828312357
-0.11831167733248263
-0.40257574718622813
-1.1333243322058757
-0.6929760886791179
-0.6659012636243677
0.5629319539063398
0.9221710589201669
0.368771849252403
-0.026398961928475823
-0.2507288048443118
-0.2412672449548754
-0.10325007955948916
0.25909157496005547
0.7453926054885882
0.09022542219238225
-0.5460274819915855
-0.29370712678384797
-0.32908353782690003
-0.23666718922138333
-0.4401572310460195
-0.3589629505949138
-0.1306966695010995
-0.08046221673343489
0.19697785684181385
-0.5163938217099868
-0.462270944365395
-0.20210865634502995
-0.7076674122856731
-0.5401517038886107
-0.7305979565665176
-0.6459099629690663
-0.8343434010633315
-1.05518719523358
-0.22920734605619064
0.6580133994059765
0.37194895363706343
-0.029101605643574786
-0.20292677730972494
-0.26066243656540955
-0.20650492780410407
0.20435276013291873
0.40654176760088606
-0.6100388144139792
-0.796440405065119
-0.5602799071849582
-0.4463713180099219
-0.4137934682745563
-0.1626450207804659
-0.499755337560004
-0.12742259588472027
-0.041064999536882925
-0.15980425970488626
-0.3397520334009305
-0.5465410481152349
-0.5089417715425566
-0.39598249659238827
-0.5493284903979849
-0.45262466993610523
-0.21590009337775234
-0.7174095708515579
-0.21307484555372094
0.4637046330532614
0.6716852106220733
0.15157240272837164
-0.14517627426218238
-0.24923332320508718
-0.26436626555391524
-0.2596184089930519
-0.06846395650212185
0.042459818088836365
-0.7126841616206626
-0.504181386550133
-0.3869479763630859
-0.5216646570575263
-0.20066329746482164
-0.4592506529911294
-0.2694815744423687
-0.5187646262663214
-0.2136805545404884
-0.1995002670284699
-0.3716860015492971
-0.22858413259119081
-0.6434707842179144
-0.24814497066195232
-0.280010961465263
0.23857653685595384
0.09862791926022778
-0.03800812069487247
0.36324150753383355
0.9728754395047116
0.858993819725871
-0.012383921344940757
-0.2086463363505881
-0.2671040553842534
-0.25945366725390384
-0.26836014771004446
-0.07763822982618973
0.11144215209716835
-0.5898023275295164
-0.27997255088930295
0.5994219716055806
0.12814204477017735
-0.4094825714998716
0.15010418684151847
-0.3522987996886856
-0.4104721309293156
-0.41495829239499094
0.3514656446195269
0.6902316156076582
-0.19683207119696494
-0.717330545361398
-0.3526339950229339
0.2593637321262284
0.0330921271982029
0.008608149413101576
0.4848526821093002
0.3621292175670056
1.04110680737036
0.8870454873893141
0.16206598531302308
-0.15376578134605723
-0.26673984882513596
-0.26669059126864025
-0.2661387969094935
-0.09992254553928791
0.056619169182961344
-0.4454209647196836
-0.012508982292421441
0.6543398408963255
-0.07860173690844266
-0.30942330551103925
0.07658704924266999
-0.6094013698967665
-0.6593684277438687
-0.19348202025700748
0.48010055360588116
0.6335299114381385
0.45847741104225725
-0.2756458901586557
0.24132150218893347
-0.025401544868101873
0.5534321051458646
0.05508713913532464
0.5391022963299255
0.07410504783357985
0.9489575120674995
0.8499679412987705
0.2478298976217756
-0.19100978030612756
-0.26890459030640074
-0.26269280534415346
-0.24924644656497796
-0.021100760661698074
0.17741549166156026
0.2751467164408851
0.3909452837206358
0.22944151636233087
-0.22148593276721018
0.07607399265630962
-0.3119256315776101
-0.2171032405598595
0.04918892722998113
-0.0956892464677625
-0.06923381296035294
0.8944382063056763
-0.43204958442114516
0.030043413176258436
0.02825659699222284
-0.1867988226481287
0.44104249376028204
-0.021348118339136184
0.3986789183515211
0.5331642551123627
0.9905620725477073
0.7547199346938467
0.041141318965904936
-0.21579687655152205
-0.26006695851947753
-0.2778779496811181
-0.2607222009979527
-0.0723137468107146
0.38399169921927184
0.5895685968809483
0.491303651607199
-0.0629026046303675
-0.25672734078402937
0.18285150995327368
0.29499197443787223
-0.28584307173025775
-0.19458454118785182
0.34780339190187554
0.13094088823541133
-0.47793334804637244
0.37596163142612093
0.2829192033035912
-0.20413525916929948
0.2962127438546716
0.27461129001367424
-0.05375958598367692
0.512357927064461
0.4654783536729337
0.8624337807069321
0.5532313423530997
0.04845091979374892
-0.25458285747683557
-0.2673428604864999
-0.2621115937584854
-0.2670089868313084
-0.14117603296858589
0.29786845660719374
0.6009994382351765
0.4281409496038516
0.5148853160496746
0.3151928197421718
0.5384493468891535
0.8798617977995026
0.5538843443346528
0.08632146609286102
-0.06273996440754505
0.23654389287808436
0.04178519456996817
0.8067772051155909
0.05040171495561689
0.26826548208313317
-0.013992842675000927
0.2312821483554024
0.16865290542460232
0.587826268212377
0.6525172052624768
0.606470513378894
0.24362339157706775
0.02380073760975581
-0.22341185682131812
-0.2620028768236714
-0.2603745589762492
-0.26720423517514297
-0.1555560347619001
0.27162436224119085
0.45620722697106697
0.1393098755601569
0.28281850933719366
0.8794796816656675
0.7509466767321114
1.18425420010799
1.6265018655797892
0.7399897432550837
0.9097791732646796
0.4773467587898789
0.3582412349449804
0.3848982905823783
0.3698947509871035
0.47050682095539376
0.29246767908733745
-0.22736459465962858
0.2824818157325393
0.6645056393914296
0.47451195145554886
0.20067493906665454
-0.13758699885061984
-0.3046045592680444
-0.2331996220719308
-0.26478183627821955
-0.26965503326896617
-0.26747747044542325
-0.17372031192001353
0.2677515121013588
0.2987749801555572
0.3852523200282229
0.1938312957601532
0.49058781985237
0.3597943917111254
0.278070524210198
0.5288576745186535
0.9882372667368972
0.5326026021733348
0.5289658144906567
0.7147914508861417
0.2200133109748068
0.2389418979135654
1.0466116647873633
0.41003085808141837
0.38930736166738944
0.42785613874807543
0.4190252805161212
0.28668445323533004
-0.21016369979376995
-0.5073372388124087
-0.3154399037252863
-0.2668590836062821
-0.26798350244732866
-0.264810706507285
-0.26608726291377416
-0.10429049640552468
0.196544707778966
0.477358618505804
0.6536877332496427
0.7565797400215218
0.6969564418315871
-0.042947219170014296
-0.05580103065800707
0.12102721915281159
0.2942292623581171
-0.02960780361905284
0.03208600858383855
0.21638117874211021
0.6081273778480456
0.45378277491316305
0.16657431660178657
0.041396321478790826
1.1498665474253407
0.4976802397649396
0.5457129660374206
-0.22850698763026056
-0.5778128570507242
-0.3956874431343162
-0.2859262063342397
-0.2669574474568563
-0.26194170862872534
-0.2643729143285668
-0.26231759892588086
-0.15175753184261362
-0.0451399328381326
0.4846260782894654
0.47098168478107105
0.643934910376687
0.6771997866349649
-0.005252004552843843
0.781775292768492
0.47340077055063423
0.16074790199536795
0.3701996126920465
0.5314791880554786
0.07990900261655605
0.7195503269915551
0.6065176285020543
0.15668317820009622
0.9166933851301824
0.6066186709359775
-0.0018027275744892796
-0.0068326978156997824
-1.0042462136275527
-0.8913900838184087
-0.5102072280549736
-0.2500461008803093
-0.2615052272024735
-0.26878014717700216
-0.2672550074049293
-0.2662361708905667
-0.2587298811493112
-0.14845035105216586
-0.02563568225298956
-0.24422316980800624
0.05694647029544352
0.013240748608071175
0.23757817226379555
0.6303223748479846
0.273280132936676
0.6954137459199097
0.5914189736076082
0.7549309570197693
0.8092373187058058
-0.025274652443719944
0.5829758099288522
-0.4212179808983322
-0.11775707758760189
-0.4651789697204837
-1.0956323401430812
-1.0145553224129897
-1.2250878969521422
-1.1400276967478433
-0.26105700891801303
-0.22949073408076465
-0.24764249066478028
-0.2646063652280191
-0.2666299010039876
-0.2645916538152857
-0.2690133594708034
-0.22620803432258488
-0.1551709297622992
-0.5147316024743473
-0.11672083313740743
-0.05796711442682303
-0.045516863717485666
-0.32917824133071627
-0.21006833928216193
0.18447080662917925
-0.5252644320094128
-0.4431299244688385
-0.20886600517887863
-0.3517494620025095
-0.4719631888786183
-1.04908239242083
-1.2919121728007874
-1.6009417205679526
-2.0268831905499116
-1.4965754899778838
-0.8770617912322956
-0.6283835073855814
-0.19948134361503628
-0.24907846780862308
-0.24601398825270548
-0.26228139076383217
-0.26785699231513105
-0.2679235086451937
-0.26136354548839297
-0.2755080500443449
-0.40235132298133935
-0.43376118946604963
-0.5686295411948171
-0.44494332697677547
-0.7785162728830755
-0.87504747335193
-0.6056638031430674
-0.41369479358433014
-0.7553686311752174
-0.5582657960074658
-1.0936990818761807
-0.6144669882735766
-1.042526419419708
-0.6436261532431791
-0.9782828001047793
-0.8380295705471426
-1.1902425780463535
-0.6885128416845772
-0.45108430523002796
-0.3605150202216196
-0.27028974420395474
-0.260346241144403
-0.2690225391884689
-0.2607247641878551
-0.2632663680019562
-0.26235034708578314
-0.26423889500097614
-0.2600132792677956
-0.26683562818621936
-0.19934923783296682
-0.20086224739177505
-0.3056331751984554
-0.2779490883597598
-0.2728973708297288
-0.21024051545093214
-0.1637389481184298
-0.2705605052482847
0.10543511146668819
-0.274796606717667
-0.19895515425651994
-0.04701538313508731
0.03345986177330117
-0.033945429187560786
-0.16567307256127264
-0.35973818475175157
-0.27658327866982935
-0.29001421329212457
-0.2639308216880729
-0.2602668415519733
-0.26686519513457607
-0.26305633779414694
-0.2633456136469319
-0.2674118329738741
