-0.41142470453344665
-0.41851861156338205
-0.4162081983720658
-0.4142317727003053
-0.4166298939419549
-0.410153759256781
-0.4131562214970059
-0.4192086739382433
-0.41024611205550454
-0.410574288980424
-0.4188515220709609
-0.4167967666481328
-0.4155288109961179
-0.41540205042331535
-0.4142371587243508
-0.41302611787314814
-0.41496443507422015
-0.41126422485176123
-0.4125320137441582
-0.41097402835516333
-0.4190438199423081
-0.41502426591605507
-0.41281101276465276
-0.410168505003685
-0.4196454892706924
-0.4183950615667338
-0.41720998063673104
-0.4156560331467312
-0.4187707342929258
-0.4150507160253835
-0.41694526067359483
-0.41841546795937834
-0.4146907173478951
-0.40795754481983926
-0.2764660220634127
-0.13349292401112522
-0.18200307142110986
-0.26790718067126107
-0.20240187344344066
-0.20685819027037416
0.020387639791639503
-0.11333153088583019
-0.21260847192836071
-0.05814929050939447
-0.17744138419911212
-0.3177048591803961
-0.33878448350597856
-0.3452763810585133
-0.30710161916302153
-0.2916042380031456
-0.29371694636138784
-0.33837766436178285
-0.41968340537384496
-0.41510013622934233
-0.41807148857781784
-0.41015250679240284
-0.41232868663870537
-0.4130545938283097
-0.41119077592688785
-0.4165522630468371
-0.37671329217955163
-0.4039387800818736
-0.2424617137523445
0.17075377316060206
0.2630080437267584
0.2014277886502706
0.47471713123452847
0.520448379563058
0.6805191847305146
0.6772674816272661
0.5274132903968503
0.5301225267175004
0.6501211803500286
0.4957008602862947
0.1499298610716297
-0.01918265370054117
-0.10800446447445969
-0.08402574415046615
-0.10193787735222318
-0.2770960190019926
-0.37586712578803533
-0.41871390386082363
-0.4166939830452391
-0.41899559047906115
-0.4116579401644025
-0.4189551993176734
-0.41509190593856327
-0.41318009534062705
-0.41569833667560663
-0.372563623578641
-0.13955723690682284
0.22502357730566874
0.5969259912442206
0.823214119908829
0.9585545375715341
1.0418875084870123
1.4390975630807774
1.7939794068412047
1.5112771377323042
1.4205827080917874
1.392419913231211
1.300901440477622
0.823663264804552
0.14220957989066577
0.18016691904278678
-0.049920087515701046
-0.22741647479599783
-0.2533534341941086
-0.258403455706504
-0.4123141312180946
-0.4089314387972918
-0.410852878026936
-0.4105459768633134
-0.41935774024102845
-0.4151132639260048
-0.4126906150539882
-0.4033447887910173
-0.3599360551567881
-0.06849597809190827
0.15396135298142152
0.5714229696272517
0.7967320360820862
0.9200062344240567
0.6997059586831631
1.005724465061097
0.6892744827416256
0.9217410902922643
1.0713354509540285
0.8216467531097298
0.7861892211055096
0.6792019424268285
0.34768046154565263
0.11043039316557424
-0.16930823401416586
-0.5899147716299739
-0.584156704373017
-0.47113605408096176
-0.34395322560547925
-0.3990981365175447
-0.41566582420648673
-0.41037393965528873
-0.4171333935803292
-0.3999125936262326
-0.4082636266258064
-0.3637790601014279
-0.3685433145041663
-0.16819451107444808
0.08605368323153985
0.1449167328905145
-4.601379863213399E-4
0.246220759240883
0.477821980865366
0.7742314603160843
0.560796132377197
0.2556177349798257
-0.3451534224278767
-0.29615897806337604
-0.21715482169316483
-0.26869833117609887
-0.11582355605169935
0.011857613241553504
0.06751854322308125
-0.35312595665088187
-0.6929039386956927
-0.1063828862198474
-0.1200136646787028
-0.24692821487505948
-0.4118276350498183
-0.4198930834842319
-0.412538580843126
-0.41249645079154434
-0.37359538257655645
-0.35533284009102345
-0.4979822736334081
-0.16669151986339342
-0.03141677166459994
-0.08378375420699574
0.14713649979555585
0.1359634981839702
0.3720694975188207
0.6187701724597697
0.6555819780814878
1.0230567178067589
0.8178130038008805
0.7252681249121032
0.3049886378935914
0.6312780912655597
0.00186021187978605
-0.10104153710646732
-0.14276675956025328
-0.6863952615733198
-1.0503388686768884
0.2548985237226009
0.287678378013282
-0.32204780518626175
-0.40377100002359
-0.4117371350564362
-0.4103488651046648
-0.4090269904632994
-0.33589809507206775
-0.05133290965858737
-0.3856253965333086
0.12297544359683756
0.028918586485022157
0.13306884105397976
0.29100133940537687
0.15571530918228244
0.3973317765793887
0.8977685811357923
0.88822989508984
1.3745146317805201
1.2916276091794923
0.9916200886694045
0.5947674107453026
0.29084061622994245
-0.35180895511543636
-0.018696521223551917
-0.05658287696846267
0.015058934272494233
-0.5229098157768653
0.2132944870411845
0.16866275695269428
-0.2256198413687522
-0.40331596063638137
-0.41793892846512604
-0.32084518463536404
-0.3221488526119229
-0.15269157486100174
-0.047105115916739736
-0.21869969247395452
0.16495731432446822
-0.2425114194301646
0.2903663132553932
-0.0774687999921126
0.2811538086150105
0.2968826154680881
0.6056776053194189
0.6458366350423249
0.8566298170543244
1.0348650999033577
0.9240221750304982
0.12537799012317635
0.2026539685809891
0.0153347162990264
0.08683176859258059
0.035052389619597155
0.14142077944270176
-0.008673213181052904
0.13519291887692542
0.13529792868799492
-0.08154255996605364
-0.3500418578900846
-0.4114755515677002
-0.30987498420167664
-0.19844691033495918
0.27128507085196113
0.15780902993502705
-0.09066754146276394
0.20209393960062297
0.07189340655737314
0.19769535818687467
0.1213399266206928
0.3970389873632866
0.3387180783627214
0.3280451163398689
0.35878529313915514
1.1035329689026805
0.912511596401983
0.014167073835730836
0.39846669249329436
-0.05710572907305442
-1.3931313721464444E-4
0.05147112031027643
-0.4273901718320812
-0.08948579425165586
0.2832170338760028
0.89019564934893
0.4552621074515494
-0.13890046321149246
-0.40982049623166017
-0.41843459050191584
-0.327202264693613
-0.08418030158537836
0.37369226476105216
0.41951783740406734
0.30714041463496733
0.4281073138098385
0.30096472287177123
0.0791704785637746
-0.25139194948201826
0.22026222517693436
0.1285398714500156
-0.05441160595513568
0.7702960814386464
1.7058998426962575
-0.02592330280771136
0.6230896375931083
-0.1709847238924874
-0.1160221035105344
-0.19847928450358918
0.25704407853854994
0.03184882335382326
-0.02587814397938188
0.5573360446141347
0.24028776750521208
0.06796090573146914
-0.27704577669727565
-0.41487257533739574
-0.4157749257558202
-0.3497821728289288
-0.08660885012762486
0.2337813986637315
0.5138356991884261
0.05827708976769571
0.30406800365472086
0.22263390521717732
0.04806495654481363
-0.3586070798061137
-0.10780634844246052
0.05887185664970856
-0.5229975296230028
1.3217099827660135
1.8342897415910315
-0.42283638296996856
-0.5029181072736172
-0.1989256623771785
0.20140695254854765
-0.2194358818433676
0.5357330551030844
0.49877424092666
0.8083681673538893
0.8080742507137956
0.5553312202835002
-0.060141362736410395
-0.381905690674686
-0.41759980774651007
-0.4128488827923136
-0.31015339807961584
-0.06152490000233431
0.4790250793598981
0.8819344411038809
0.04722673243705208
0.06404444513861719
-0.25532708025503503
-0.25189130524337316
-0.13871116482633572
-0.6709934248681747
-0.9466224358233545
-1.6646611054591494
0.034001783330860555
0.8300913207677608
-0.7095085364399877
-0.8151854774095013
0.11257662648171739
0.36917734415233183
0.3124131278994853
0.5601192268217992
-0.04977100069430844
-0.15354609076266312
0.37053950402529146
0.14358250926246216
-0.2244223748683326
-0.2967482779100025
-0.39454994449570385
-0.410858413158896
-0.35218824190587594
-0.20255613455253454
0.35925025208278544
0.4562222723416656
-0.23390752896612874
-0.7085011265627101
-0.5331859796201798
-0.5425689249084847
-0.7061046908772638
-0.7595914153651505
-1.4739462356912556
-0.8157494992204049
0.9656059531770146
0.6291076719560248
-0.3926087448665161
-0.3514954455861379
-0.6020792971399107
-0.25186011590195
0.4156167487659961
-0.5255941665496774
-0.2890104332321332
0.017070786866862496
0.36652278563788393
0.4208230741383915
-0.14705194098274307
-0.2479136027315647
-0.35070102558641686
-0.41323632777148817
-0.39391698724851637
-0.34507980461212867
-0.06550183992384379
-0.6070896688590809
-0.8063968170886835
-0.724262833741308
-0.9230574483887698
-0.48302716895033615
-0.42465311186427296
-0.3827742666085058
-0.81751447412805
-0.5477772109695567
0.6072270387756938
0.180396875879993
-0.1698994514354984
-0.7305405401071715
-0.7951721636195924
-0.26537876507225083
-0.8208043049806211
-0.38942721733427
-0.02171202794703505
-0.18239743172472864
0.24599768250695891
0.4571005382559158
-0.11801865426216158
-0.17373012515816813
-0.4087456873211183
-0.4115744728651307
-0.4159324410521072
-0.4129898771184969
-0.15210182245655426
-0.47937585919921577
-0.5270143763206491
-0.31760398959382474
-0.25022415581440144
-0.30193257233741044
-0.9478298257387809
-0.3399800486807899
-0.4052382360843889
-0.6983102497948712
0.2386799688752548
-0.3440283950789482
-0.534180621342012
-0.6519353417426803
-0.51607402270077
-0.23581412426201778
-0.633097874966559
0.17284699718862656
0.5034277373921658
-0.411599783106157
0.09135721903178003
0.7003623417471943
0.20696289804434453
-0.3027155147840026
-0.4176084861543909
-0.4161640935519409
-0.4126881659938592
-0.336085911641346
0.18108331515758225
0.6168942794837186
-0.1290022830456624
-0.013460083324083315
-0.467917294821278
-0.5475337581542592
-0.4035077659940153
-0.259158959382638
0.3728101585601825
-0.32100525785733236
0.1645727973167774
-0.7885304062890152
-0.9567726972091964
-0.6335393985828737
-0.545886137211342
-0.3660334828051588
-0.1186697870551757
-0.8064000854991258
-0.5411133953954719
-0.313624721506329
0.24271842880047367
0.6249106207692046
0.5923002197074391
-0.04516624506332675
-0.40974479439871975
-0.41746949296573377
-0.4119671892960628
-0.3172707148471985
0.47979955777057925
0.4635936750948704
0.00615048367507692
-0.3285572844049052
-0.5306828010598527
-0.622352950843154
0.10875689529315821
0.12314687712868984
0.0761498802957201
0.06799552269210822
-0.6912735321040329
-1.1578288443177918
-0.39813955021329855
-0.5719678799676184
-0.6667784842637283
-0.4607072666487916
0.31105069922370515
0.06771765104850903
-0.26148420990363674
0.3284568939128866
0.2683020956236938
0.5195008380098667
0.40453661815877395
-0.19237180402632106
-0.3734567549259854
-0.4149244499138904
-0.4116227669025847
-0.32342554034820536
0.34097695222769775
0.5786526870261673
-0.045081890580809116
-0.0220057583826477
-0.0745607223541091
-0.37115881202424394
-0.21923161412373549
0.8205549862787385
0.7211836710946794
-0.41841047008283794
-0.9742983515811027
-0.7955533098268057
-0.13245416064421808
-0.12075036478964381
0.8242027182934559
0.5908766485223743
-0.09746617761055355
0.011140339227925797
-0.010316779131218316
0.7424954595117346
0.44820082029675845
0.3244584086245599
0.22250088394959516
-0.37022156844502135
-0.41989257762460996
-0.41232172104264997
-0.41159478397848176
-0.32867875733079865
-0.10251929593855211
0.18981477613643483
-0.3384714951526365
-0.021410763592335194
0.614398825714113
0.6852726294315478
0.6195851545429301
1.1833763149157686
0.89313793558006
1.2604921412046326
0.3939852300121615
-0.26134940306148735
-0.005639578255610962
0.37161412745928624
0.5587763780665292
0.5367859875838255
0.6610998681758453
0.7449095712316032
0.45119222303777484
1.054185799685297
0.5763908008985145
0.09900523737147383
-0.09960097683040965
-0.41965042893793936
-0.4108054215263629
-0.41475931223503537
-0.4125963410272185
-0.3764239633609708
-0.2187977166422708
0.23871666743919545
0.4579756917066538
0.5991259907628763
0.8388962831524847
1.1159357870218618
0.8988638913692452
0.6324355937095129
0.150218393426415
0.7355898829389987
1.0728081766979283
0.19116762919410307
0.47222624178939343
0.16270066222379476
-0.034020992314102876
0.4912408244287827
0.7034949983109374
0.6179124219716098
0.4765963218535804
0.46740713781348114
0.3930920731068579
0.0680128599801033
-0.23107752401124595
-0.4196637143716018
-0.4177529324445369
-0.4106130602382462
-0.4199214836728571
-0.4085627312818811
-0.22213196766587118
-0.03271449090180497
-0.005721107199784406
0.951641409330498
1.07297477070285
0.3401227503411316
0.4875674451676805
0.27269827265148994
0.035185457837768205
0.38162219744294795
0.5721631802358903
0.1336654039219232
-0.0997487401236353
0.3243923573620595
-0.5264805770970029
-0.008559639588345403
-0.2273817188094709
0.04952793889761235
0.15618395300546178
0.18085964008673347
0.07996978096371965
-0.0856241362053298
-0.2815969086139309
-0.41155363128844996
-0.41590444047992053
-0.4133234309824758
-0.4121351278577436
-0.3975945900258783
-0.20367185727716133
-0.09803091538024264
0.0592018823294494
0.4336664358616828
0.5572357247264831
0.18004078678181826
0.628657407822531
0.3454074917712759
0.31993642271060907
0.5265253069960828
-0.18161534532458187
-0.027583502250637007
-0.324369412786226
-0.044691290522329306
-0.486860774116128
-0.3337615310066209
-0.7839681752384243
-0.13827582340194322
-0.5542034426598041
-0.13833504201705657
-0.09145170020490159
-0.14502840759947028
-0.30262524345901304
-0.4147016477043342
-0.4183036329603018
-0.41191529320497583
-0.41314645671196076
-0.3768818344659603
-0.29250491669687817
-0.1619738125715579
-0.039242353099291506
-0.00567339158214181
0.15013974981732434
-0.023389989780939785
0.2997082737596949
0.23627611383631264
0.2157715867532584
0.4544999179149231
0.341566560938982
0.03076644287739167
-0.14676280146594023
-0.32833101494098016
-0.27140563383984573
-0.2017329672281191
-0.4030461212986164
-0.3352184350653675
-0.42730871797201464
-0.10711293562504144
-0.24971340978866438
-0.24788764276033085
-0.39639503736995585
-0.4158383003587441
-0.4164866245682369
-0.4161127918028996
-0.4102198090650909
-0.4129538681144418
-0.3956880817779078
-0.31509521687447334
-0.31288742890808274
-0.23007091835031626
0.20552530859720988
0.031840195168555734
-0.07936137965454738
0.10007262287300994
-0.06759318958667543
0.4262508053945408
0.2609881150155383
0.1889694307941356
0.5076016079904375
0.052157626740724036
0.3775213197940832
0.5295836947345559
0.27577849032976454
0.25663362303884474
0.22457124508537513
-0.09002532228867195
-0.3472767075118573
-0.3614955129546316
-0.4265573535025484
-0.41578422126686115
-0.4121905704009625
-0.4116672993250318
-0.419842309413057
-0.4101830479272421
-0.4106368537140868
-0.4276881739445463
-0.3595973807996352
-0.12422044237426086
0.31162060549743026
0.6619372203913958
0.7498968786013487
0.6119405668050082
0.8162012233285284
1.0928514953442796
0.7547504893739045
1.1305935743358189
1.0591987113603982
1.4438135557197842
1.5964930519655929
1.2374288806898752
1.4432749387123671
1.0002697304550732
0.6120741633260377
-0.019111523062972452
-0.33370327423322194
-0.3623091691012507
-0.41155374858254923
-0.41636685859713457
-0.4172905718120827
-0.4140847883786697
-0.4180452224083305
-0.41173786228450093
-0.4157905965256244
-0.43557921539505046
-0.40430302104289223
-0.1579358626787821
0.08879150085700116
0.3044835107645657
0.772053189629379
0.8740188281234612
1.0364958366754702
1.01921325584969
1.135763851181481
1.3299043460853992
1.1318073775611794
1.2615488475726748
0.9147500415915937
0.5226275874893468
0.5465937885183523
0.29108978490601156
0.012100804497992378
-0.2251389836880832
-0.3923767741910646
-0.41258317427322705
-0.4120958024084111
-0.4191611480403384
-0.4145628351367897
-0.41431982310216386
-0.41176625324974087
-0.4163409512251949
-0.4140811199599638
-0.41675837569684543
-0.4180095705150099
-0.40650159726582197
-0.37135122615365496
-0.29936606545653277
-0.28661638613579427
-0.2587529470837839
-0.3197109489252456
-0.15167829458563406
-0.26397571480677645
-0.1489905378323421
-0.26293319949691524
-0.30313055660108656
-0.35115839688991246
-0.27429828071010104
-0.306661897720472
-0.38734523101340124
-0.38183753152724337
-0.39783172414555695
-0.4112150121058973
-0.4139887500753928
-0.41251018010143
-0.4198019966922703
-0.4173310303110168
-0.4150462116845908
