-0.08004680238748298
-0.08351940127937332
-0.08772251484730487
-0.08994448377515274
-0.08165139118413478
-0.08009679782366198
-0.08402333780690098
-0.08200980927177032
-0.08644033166705073
-0.0872534958434905
-0.0845172274392079
-0.08389935035679398
-0.08033229640806841
-0.08308813927843627
-0.08279166157946964
-0.08518901611661552
-0.08051459544618508
-0.08812332462243624
-0.08017791292533823
-0.08323614133127287
-0.08114888373259195
-0.08413915693910352
-0.08530246292391244
-0.08081949628536876
-0.08211915541901707
-0.08070386336617216
-0.08629724824586697
-0.08957312427180755
-0.08833392817967041
-0.0886199091842502
-0.08282419941794385
-0.08850569465428013
-0.08192850367034407
-0.0820724208248278
-0.08974726071530989
-0.08305916882881613
-0.08173467378875054
-0.08852257905918877
-0.081150317521823
-0.08601018509351871
-0.08359422929018895
-0.08733200508659189
-0.08245219102224056
-0.08705467480868183
-0.0814891087404302
-0.0847350238169383
-0.08961009238200524
-0.08314083837680668
-0.0830450118860947
-0.08409404159128854
-0.08783066843815492
-0.0865277112046866
-0.08373678633129891
-0.0863791455330323
-0.08782299720947552
-0.08214616643202059
-0.08208287918290735
-0.08650637888714792
-0.0854306343355924
-0.08012630316963211
-0.08326263023767491
-0.08655001683138015
-0.08047004047491133
-0.08332978578961073
-0.08092416824673355
-0.08691251905509745
-0.08301574747426939
-0.12656427417262597
-0.10317804079833881
-0.08395836685817035
-0.11130649011377311
-0.027428265503922432
-0.06524538977001637
-0.03900252247180088
0.034706627444601484
-0.023810992764810267
-0.08912598133801873
-0.08614570269748487
-0.08753255643857584
-0.08112996735730381
-0.08350008089565283
-0.08761995364369869
-0.08805269039309288
-0.08989890290233273
-0.0825261197836294
-0.08210799538572064
-0.0893346889161097
-0.08894581528063814
-0.08392959640504567
-0.2503990409637923
-0.17378538511278244
-0.24358428581209346
-0.16617023780657778
0.05876749591703471
0.059364368320831425
-0.17363312607105244
-0.28803391801106915
0.09911338270032308
-0.3033417579923372
-0.35455748312907354
-0.2903114358841988
-0.5288346507072945
-0.4783560823779667
-0.47840304834423575
-0.5874352379611029
-0.002773992496055932
0.11895233360505379
-0.017496853788783746
-0.06771420262772834
-0.08055245209251158
-0.08463786804451826
-0.08575980129623233
-0.08899843657734102
-0.08142273475130771
-0.09652141154671011
-0.11721171602309056
-0.20124025386370958
-0.4179442545199113
-0.23397854206920196
-0.2047708862474525
-0.32610199239062465
-0.28978010443346924
-0.35573361969825473
-0.34314893500206545
-0.6691234854436875
-0.2886257022771002
-0.45033515500227794
-0.35234195415551706
-0.062394035039987604
0.19777894547712108
-0.2974708115094853
0.03343276475367196
0.17435380333074332
0.30280635196052635
0.3404607357598868
0.5937633234713875
0.04671998168811008
-0.06523607296824854
-0.08356923114979185
-0.08271271972123624
-0.08854640046011925
-0.08260627266833875
-0.08025740299135638
-0.29484667823157973
-0.47953554858543884
-0.587893937186644
-0.6267855116352915
-0.3269271241532363
0.10746495506343884
-0.18111025433538128
-0.22756456742976325
-4.1266117364294023E-4
-0.11482025730069444
0.06737389429209117
0.1735841504145882
-0.01919876256969938
-0.5628608029244876
0.8365373098132052
0.13938016000620285
-0.21632923021287692
0.30421962792295826
0.8350715121905302
0.7779795403109058
0.7955789751817692
0.3194830563182816
0.00797119443336409
-0.08523719964940002
-0.08705807885852104
-0.08382959589506482
-0.0873704487031177
-0.061227725745383856
-0.2647703403925669
-0.5372828425577147
-0.2891894269578389
-0.3639190706093378
0.14999246332507352
0.11672365313724156
-0.7064479700489867
-0.33199442916858957
-0.5076449420698286
-0.3420966053834584
-0.3312078817821316
-0.16906722664326265
-0.5244325478074219
-0.6782006899678719
-0.11690611755042819
-0.38931607810110613
0.8417765953296261
-0.06328469477423729
0.2156567551476383
0.1396104178065467
0.5369535859954496
0.33280000574905655
0.08920677477131009
-0.08333234644405565
-0.08524114975144853
-0.08553719520874661
-0.19353606155585673
0.08995898174216525
-0.07090818002343577
-0.49936743282818763
-0.37663665349169534
0.023707766934029914
-0.042788993086603194
0.0035120662504610402
-0.2813750371585092
0.3434244007998156
0.21403673658349792
-0.15193608059117186
-0.14527704002735836
-0.3413827738059185
-0.39749663318911593
0.28007464966900836
0.06536839077051607
-0.10636597260225102
0.1779831022962847
-0.15897234118855313
0.4602294877212688
0.34462388493136453
0.7612517088133506
0.7424282337749243
0.1579487180234743
-0.07817515138049487
-0.08971406749742511
-0.07325733413678635
-0.0729349895865222
0.38066592745864897
0.338255618185084
-0.3979667453286124
-0.08415922765244509
-0.03426196457596893
0.1360278312082714
0.4584168858762779
0.5072460289380736
-0.08079557512041423
0.1395121993035977
-0.3165686724625817
0.16932900427529163
-0.09101909698547175
0.06814815642457776
-0.17099451177930208
-0.41825315065188917
-0.5673135644597965
-0.21241066644456916
-0.22849259261757282
-0.01624622764713034
-0.04619167197573039
1.2895701363996384
1.1989534003556013
0.29407399996368616
-0.08486479473519319
-0.08421029742233735
-0.08660627854767237
-0.08968602132556612
0.19171685630826216
-0.07063990678175372
-0.5669615208663635
-0.18071581954463808
-0.3264696876202586
-0.32937497137750943
0.36204840713762454
0.16298227624403536
0.542823160281076
1.0604333300867395
0.7855002230473245
0.51160489824903
-0.1722123532139363
-0.3424780492467767
-0.25782095180343473
-0.0955874056324404
0.28604752587626564
-0.14827680666749646
-0.36678265515039554
-0.643800688848974
-0.519978327424921
0.9083966366765349
0.896230315195009
0.08727855571790875
-0.08674949992855842
-0.08153488331384755
-0.08272403075145189
-0.06382439266579212
0.11548810164752472
-0.3350981008965297
-0.11099213601616771
-0.08892060337149645
0.09489239918394327
-0.27525254275949707
0.1934957019673739
1.0918530298939577
1.0606933482814338
1.196748624040477
0.8502067194371188
-0.2065401940198497
-0.283498935248363
-0.1099994621730434
-0.822078007479024
-0.5627523760737363
-0.15871542139227204
-0.024643739928524387
-0.3798582133947184
-0.33237068786955865
-0.24658047491763496
0.31504628978768723
0.45614616396026353
0.04622118283090701
-0.0496364131366229
-0.08751092163503936
-0.08403167498000118
-0.06481746054163558
0.22262875536879825
-0.29507106585672693
0.063971332504604
0.5296290240157999
0.729779490864402
1.0648584421427039
1.1047684606464496
0.7449451758598193
0.7977642534993367
0.6338157615769521
-0.34091049236457793
-0.2787369908750901
-0.45666240594554225
-0.5513188730368628
-0.20836529368611273
-0.4930294970019356
-0.730172495047912
-0.32706645428999104
-0.14990797622925556
0.6172391669145828
0.3897931331786796
0.32362491489666334
0.2528324490372495
-0.03312004004184553
-0.0483869827055436
-0.08307231136572023
-0.08883513579231307
-0.024177589232186852
0.13329274891177123
0.00948444311167017
0.3296429636692823
0.5670255297845539
0.7344500338364875
0.7419429704588314
0.6359871099390221
-0.024113272240715997
-0.2501813270750023
0.02550872371645097
-0.6698350113906473
0.30200075847198876
-1.0967007833337585
-0.5310497475082188
-0.5818551454553997
0.03561117760183308
-0.19405447223183714
0.021350770007233545
0.08544112971004
1.3774683850378702
1.3097641950896992
0.7282650666491544
0.13046117405754312
-0.08609580716954264
-0.08014311045876049
-0.08265494202034346
-0.08212659998961477
-0.02469801512196479
0.027077870915528657
0.024998126465187342
0.4923388066573132
0.6291173044328304
0.22204915716348803
0.23729894475147967
0.3877647557066849
0.04187235095129164
0.6827214233481329
0.20026604560955324
-0.881954461541772
-0.06530235438798446
-0.5959575725424946
0.15258220449923496
-0.7504608356449914
-0.10530830253055157
0.3117751172628284
0.5487454370622558
0.6646271930646767
0.7209089877999205
1.425643565201418
0.5987204093879737
0.10902608942194757
0.01187386467340054
-0.07316467543620907
-0.07003269630505608
-0.08936688440257684
-0.07919992744762003
-0.03921294722580056
-0.10415505324842786
0.3329109468600217
0.6864667449131285
0.6101262827317245
0.2432878382366607
0.3189468955012179
-0.2745480495711068
0.7444399825594138
0.1997936346263531
-1.3122037622969192
0.21829158076520225
-0.24406488976515373
0.2748541099887668
-0.44785748413833787
0.04062427373859098
0.05069481587342974
0.5581755068133016
0.529563153239945
-0.2323605280649948
0.31944958635687387
0.15040271608261094
-0.001498195536922384
0.10157734685567285
-0.038502941942281405
-0.07221802835417289
-0.08271772695941376
-0.11726574859332191
-0.10467670652740053
-0.2785156127948465
0.06085847615465378
0.3342879222132239
0.4599942168858566
0.440853989673781
0.8057160972200785
0.31650814669001076
0.41838096288156623
-0.040204239915279515
-0.13067378954147593
0.11950221301596567
-0.3620271989027157
-0.264922328512085
-0.26214189081249334
0.29995232668609817
0.4291023469010478
-0.22547496598539135
-0.9134729662914917
-0.6554696167211
-0.8958263494660353
-0.44390754892827605
-0.204978299189996
0.2289416935071261
-0.009486854875033446
-0.05956806038335718
-0.08438725585642538
-0.12075440406176914
-0.2983613741512277
-0.6097726284048471
-0.4665273258667895
-0.18787064905517367
0.28094483673802056
0.3130785372441222
1.1199505490446233
0.05944678122978913
0.09156522608153078
-0.27055427828453293
-0.25513625104286636
-0.5085820492064053
0.22786057387029285
0.6629508872534351
0.6866676170719609
0.24532271521467244
-0.4406680333365736
-0.6744335048138433
-0.48294697139161763
-0.3431809592657649
-0.4951635588283383
-0.4037981695109036
-0.2859566412528859
0.2658432375375003
0.029602454299007493
-0.06459041978036441
-0.08380769767435411
-0.09394925498776376
-0.3297910420165031
-0.9152450782670367
-0.6294284098149037
-0.005714212946066237
0.528190605164532
0.19877629275709113
0.13519654665043485
1.3305868666475962
1.8031840136948698
1.428891913187909
0.8809951190329255
0.5857426909892847
0.968869447982012
0.6549709771389476
0.21757854695734807
-0.41143343324080395
-0.2026505147158248
-0.5913871506141348
0.06256627974768976
0.0051703300491065945
-0.6910567849766537
-0.19287176773766765
0.5393090203041314
0.33190515707019186
-0.038554450550983554
-0.08763824258978054
-0.0869483569281897
-0.0902136032995276
-0.2384113061220243
-1.296791647928397
-0.6560981567892629
-0.46165150347748724
0.3695114098823955
0.05848542720667874
-0.07632439601961982
1.1620822516215192
1.0014718131529434
1.2163569082611227
1.3318749669157237
1.579909568996346
0.8647918636390723
-0.49443271444496295
-0.9557338275872513
-0.2926453627877355
-0.4158251500931109
-0.14417560464239912
-0.041840829868804726
-0.933825171654907
-0.8549677684068978
0.335454837452353
0.9866408027301108
0.3272982597641811
-0.06458917866037489
-0.08209342321351058
-0.08596339627679694
-0.08480660297630051
-0.2167882572222374
-1.261406734104239
-0.5127593073300153
-0.32712277167715104
0.07971730793161903
0.3313759592861248
0.16986755400911407
0.5364955321489355
0.028343897981265083
0.3927973931054924
0.4141690280178145
0.7836443085747243
1.0869003888722961
0.3675905240975515
-0.14851850526564944
-0.21369361675837922
-0.43331197899482005
-0.22831756574130668
0.0054259189078066945
-0.315803429364889
0.0978621159007037
0.4176521033015523
0.7527849721416263
0.3561485134931487
0.06056914824923836
-0.0804475869310905
-0.08558292315244244
-0.08967145280218866
-0.12530995143348653
-1.2480426075986246
-0.7696160351228816
-0.1610419655029731
-0.0795750239001514
-0.009994112318354486
-0.09370632341323966
-0.3712716601310154
0.117446195697397
-0.0325644397519341
0.4789105135039556
0.3742019449029995
-0.1385072965667171
0.546057855848353
0.0412984997084778
-0.13586926592136447
-0.40517199247223823
0.28716837956802327
-0.15563893210329094
0.24378818505636016
0.43834272497339444
0.43168454674728785
0.7455581496282511
0.22645903512589377
0.016883860196703654
-0.08237197532437285
-0.08917737723447319
-0.09772438878687917
-0.09981818751049798
-0.5250767001157024
-0.4006408162224962
0.09255595795126592
0.02223018456399675
-0.019438212028121696
-0.2440863057768845
0.22092049593102234
0.2892111757898956
0.3276303200770996
0.11132834637793133
0.09093724598820248
0.038403666287384786
-0.09835878412930688
-0.3651543778353757
0.20987068046621188
-0.3590183533739948
-0.44375580722811836
-0.30044525740859285
0.11567815627941233
0.22934468298075086
0.852297074628243
0.6156273298794225
0.05014202670508876
-0.05592940945873801
-0.08630283554333394
-0.0822591926773933
-0.08199626268793221
-0.11764870785490399
-0.32316196582007756
-0.4438378408799879
0.10900201734335972
-0.13246740130683338
-0.1615112590505334
0.7826159890077425
-0.2182089199288477
-0.4700294774881891
-0.3661176714104745
-0.02547537663166944
-0.2868009247267059
0.27813483554161705
0.09625968593754287
-0.2557901967213978
-0.3161906299447773
0.13302902542736064
-0.3578977600121822
-0.522226462094835
-0.051219902124603776
0.20408399721237078
0.5089986174439857
0.3136691568547705
0.01994513368334227
-0.08120074372836805
-0.08765012157123943
-0.08833220091807739
-0.08526130252239528
-0.14558738090079337
-0.4185258108336833
-0.8296853617722593
-0.743114432923329
-0.6893987253234094
-0.8412280485223941
-0.03698617667415214
-0.37811629667871066
-0.40713105691371854
-0.08513180815816536
0.2233069484349898
-0.5275906941763975
0.3385422205843873
0.07766826681813475
0.7348344465719365
0.16560178951673407
-0.6867376029477202
-0.13916998944688583
0.18936326704827008
0.16303202494771793
0.4206151236135186
0.13252519356373427
0.04426476695468462
-0.027409942280407884
-0.08808718429946037
-0.0821702646717062
-0.08145821606665757
-0.08390258921106991
-0.10290560601604012
-0.3936094099581054
-0.758890175946879
-0.6111597176282192
-1.0753151284624072
-1.048832385713105
-0.6813481587261918
-0.20288028357092103
-0.6033934826241081
-0.30850799033746695
0.04836176131407544
-0.28993170592638706
-0.08231278575963294
0.020772051105344053
-0.3948097316111712
0.051291968431284446
0.8304799681178643
0.44728430413356984
0.446238811978777
0.24639962315398656
0.1723922972619832
-0.03771890986476859
-0.08654060717038195
-0.08577905652307663
-0.08183537214057088
-0.08475980420482176
-0.08168173513304597
-0.0843774787785675
-0.08537105771122425
-0.03400943156499712
-0.06491896444883434
-0.031530353867431776
-0.04643998168366919
-0.3165280948444957
-0.4123016980289318
-0.308494238480519
-0.39707089514244
-0.4259537637208097
-0.6946929273481759
-0.4245806142457535
-0.02313383556852728
0.061517007356376184
0.1370353699208548
0.689355080445567
0.5174259955220266
-0.02587031336646562
0.0634389095753764
0.10062042270633788
0.02118855228490875
-0.0136037867914023
-0.08586292014516127
-0.08600806763692734
-0.0884894925344593
-0.08408264010661859
-0.0835376667083198
-0.08971946595236979
-0.08288115526490043
-0.07566492354938678
-0.028944666527024
-0.053142163922783446
-0.08881179902312746
-0.16686890839898122
-0.03604481308874836
0.1741389007560091
0.17897379586608655
0.5313553545607258
0.6885361428539971
0.7188985705829903
0.9357751723329535
0.7532829940082943
0.35400178166567425
0.3074923145226624
0.18911010572866738
0.03059861785481246
-0.09695465114121969
-0.0613430108265253
-0.0833798470633259
-0.08255704950215487
-0.08831870425164724
-0.08271222915772475
-0.08284547685584412
-0.08964745850228861
-0.08426348791636763
-0.08681050579704565
-0.08374412689520169
-0.08518221660384347
-0.08862612075842237
-0.081284882507373
-0.08137424250961071
-0.0814555693453944
-0.06528256339171752
-0.023098390473527963
-0.05809767019896011
-0.018804135835639453
-0.019685541693136514
-0.054688142583302936
-0.06717327655361643
-0.04254326936215104
-0.020077227124758193
-0.06465093863858812
-0.0795103017807725
-0.07550279035113909
-0.0724796877786912
-0.07814308071535997
-0.08651631777699453
-0.0858650449989723
-0.08607044320393782
-0.08233156236830859
-0.08132745171983795
-0.08941912852418105
-0.08124563434642773
